1	17	1	0	0	0
2	22	1	0	0	0
3	23	1	0	0	1
4	25	1	0	0	0
5	26	1	0	0	0
6	27	1	1	0	0
7	28	1	0	0	0
9	30	1	0	0	1
10	30	1	0	0	0
11	30	1	1	0	0
12	32	1	0	0	0
13	32	1	0	0	1
14	32	1	0	0	1
15	32	1	1	0	0
16	32	1	1	0	0
17	32	1	1	1	0
18	33	1	0	0	1
19	33	1	0	0	0
20	33	1	0	0	1
21	33	1	1	0	1
22	33	0	1	0	1
23	33	1	1	0	0
24	33	1	1	0	1
25	33	1	1	0	0
27	34	1	0	0	0
28	34	1	0	0	1
29	34	1	0	0	0
30	34	1	0	0	1
31	34	1	0	0	0
32	34	1	0	0	1
33	34	1	1	0	0
34	34	1	1	0	0
35	34	1	1	0	0
36	34	1	1	1	1
37	35	1	0	0	0
38	35	1	0	0	0
39	35	1	0	1	1
40	35	1	1	0	0
41	35	1	1	0	0
42	35	1	1	0	1
43	35	1	1	0	0
44	36	1	0	0	1
45	36	1	0	0	0
46	36	1	0	0	1
47	36	0	0	0	0
48	36	1	0	0	1
49	36	1	0	0	0
50	36	1	0	0	0
51	36	1	1	0	1
52	36	1	1	0	0
53	36	1	1	0	1
54	36	1	1	0	0
55	36	0	1	0	0
56	36	1	1	0	0
57	36	0	1	0	1
58	36	1	1	0	0
59	36	1	1	0	0
60	37	1	0	0	1
61	37	1	0	0	0
62	37	1	0	0	0
63	37	1	0	0	0
64	37	1	0	0	0
65	37	1	0	0	0
66	37	1	0	1	0
67	37	1	1	0	0
68	37	1	1	0	1
69	37	1	1	0	0
70	37	1	1	0	1
71	37	1	1	0	1
72	37	1	1	0	0
73	37	1	1	0	0
75	38	1	0	0	0
76	38	1	0	0	0
77	38	1	0	0	1
79	38	1	1	0	1
80	38	1	1	0	1
81	38	1	1	0	1
82	38	0	1	0	1
83	38	1	1	0	0
84	38	1	1	0	0
85	38	1	1	0	1
86	38	1	1	1	1
88	39	1	0	0	1
89	39	1	0	0	0
90	39	1	0	0	1
91	39	1	0	0	1
92	39	1	0	0	1
93	39	1	0	1	1
94	39	1	0	1	1
95	39	1	1	0	1
96	39	1	1	0	0
97	39	0	1	0	0
98	39	1	1	0	1
99	39	1	1	0	1
100	39	1	1	0	1
101	39	1	1	0	1
102	39	1	1	0	1
103	39	1	1	0	0
104	39	1	1	0	1
105	39	1	1	0	1
106	39	1	1	0	0
107	39	1	1	0	0
108	39	1	1	0	0
109	39	1	1	0	1
110	39	1	1	1	1
111	39	1	1	1	1
112	39	1	1	1	1
113	39	1	1	1	1
116	40	1	0	0	0
117	40	1	0	0	1
118	40	0	0	0	0
119	40	1	0	0	1
120	40	1	0	0	1
121	40	1	0	0	0
122	40	1	0	0	1
123	40	1	0	1	0
124	40	1	0	1	1
125	40	1	0	1	0
126	40	1	0	1	1
127	40	1	1	0	0
128	40	1	1	0	1
129	40	1	1	0	1
130	40	1	1	0	0
131	40	1	1	0	1
132	40	1	1	0	0
133	40	1	1	0	0
134	40	1	1	0	0
135	40	0	1	0	0
136	40	1	1	0	1
137	40	1	1	0	0
138	40	1	1	0	0
139	40	1	1	0	1
140	40	1	1	0	1
141	40	1	1	0	1
142	40	1	1	0	1
143	40	1	1	1	0
144	40	1	1	1	1
145	40	1	1	1	1
146	40	1	1	1	1
147	40	1	1	1	0
148	40	1	1	1	1
152	41	0	0	0	0
153	41	1	0	0	0
154	41	1	0	0	1
155	41	1	0	0	0
156	41	0	0	0	0
157	41	1	0	0	1
158	41	1	0	0	0
159	41	1	0	0	1
160	41	1	0	0	1
161	41	1	0	1	0
162	41	0	0	1	0
163	41	1	0	1	1
166	41	1	1	0	1
167	41	1	1	0	0
168	41	0	1	0	0
169	41	0	1	0	1
170	41	1	1	0	1
171	41	0	1	0	1
172	41	1	1	0	1
173	41	1	1	0	0
174	41	1	1	0	1
175	41	1	1	0	1
176	41	1	1	0	1
177	41	1	1	0	0
178	41	1	1	0	0
179	41	1	1	1	0
180	41	0	1	1	1
181	41	1	1	1	0
182	41	1	1	1	0
183	41	1	1	1	1
184	41	1	1	1	1
185	41	1	1	1	0
186	41	1	1	1	1
187	41	1	1	1	0
188	41	1	1	1	1
189	41	1	1	1	1
192	42	1	0	0	0
193	42	1	0	0	0
194	42	1	0	0	0
195	42	0	0	0	0
196	42	0	0	0	0
197	42	0	0	0	0
198	42	1	0	1	1
199	42	1	1	0	0
200	42	1	1	0	1
201	42	1	1	0	0
202	42	1	1	0	0
203	42	1	1	0	0
204	42	0	1	0	0
205	42	0	1	0	1
206	42	1	1	0	1
207	42	0	1	0	0
208	42	1	1	0	0
209	42	1	1	0	1
210	42	1	1	0	1
211	42	1	1	0	0
212	42	0	1	0	0
213	42	1	1	0	1
214	42	1	1	0	0
215	42	1	1	0	1
216	42	1	1	0	0
217	42	1	1	0	0
218	42	1	1	0	0
219	42	1	1	0	0
220	42	0	1	0	0
221	42	1	1	0	0
222	42	1	1	0	0
223	42	1	1	0	1
224	42	1	1	0	1
225	42	1	1	0	0
226	42	1	1	0	1
227	42	1	1	1	1
228	42	1	1	1	1
229	42	1	1	1	1
230	42	0	1	1	1
231	42	1	1	1	0
232	42	1	1	1	1
233	42	1	1	1	0
234	42	1	1	1	0
235	42	1	1	1	0
236	42	1	1	1	0
239	43	1	0	0	0
240	43	1	0	0	1
241	43	1	0	0	1
242	43	1	0	0	1
243	43	1	0	0	1
244	43	1	0	1	1
245	43	1	0	1	1
246	43	1	0	1	1
247	43	1	0	1	1
249	43	0	1	0	0
250	43	1	1	0	0
251	43	1	1	0	0
252	43	1	1	0	1
253	43	1	1	0	1
254	43	0	1	0	0
255	43	1	1	0	0
256	43	1	1	0	0
257	43	0	1	0	0
258	43	1	1	0	1
259	43	1	1	0	0
260	43	1	1	0	0
261	43	0	1	0	0
262	43	0	1	0	0
263	43	1	1	0	0
264	43	0	1	0	0
265	43	0	1	0	1
266	43	1	1	0	0
267	43	0	1	0	0
268	43	1	1	0	1
269	43	0	1	0	0
270	43	1	1	0	0
271	43	1	1	0	1
272	43	1	1	0	0
273	43	0	1	0	0
274	43	0	1	0	0
275	43	0	1	0	0
276	43	1	1	0	1
277	43	0	1	0	0
278	43	1	1	0	1
279	43	1	1	0	0
280	43	1	1	0	0
281	43	0	1	0	0
282	43	1	1	0	1
283	43	1	1	1	1
284	43	1	1	1	1
285	43	1	1	1	1
286	43	1	1	1	0
287	43	1	1	1	1
288	43	1	1	1	1
289	43	1	1	1	0
290	43	1	1	1	1
291	43	1	1	1	1
292	43	1	1	1	1
293	43	1	1	1	1
294	43	1	1	1	1
295	43	1	1	1	0
296	43	1	1	1	1
297	43	1	1	1	1
298	43	1	1	1	1
299	43	1	1	1	1
300	43	1	1	1	1
301	43	1	1	1	1
302	43	1	1	1	0
303	43	1	1	1	0
304	43	1	1	1	1
308	44	1	0	0	0
309	44	1	0	0	0
310	44	1	0	0	1
311	44	1	0	0	0
312	44	0	0	0	0
313	44	1	0	0	0
314	44	1	0	0	0
315	44	0	0	0	1
316	44	1	0	0	1
317	44	1	0	0	1
318	44	1	0	0	0
319	44	1	0	0	1
320	44	1	0	0	1
321	44	0	0	0	0
322	44	1	0	1	0
323	44	1	0	1	0
324	44	1	0	1	1
325	44	1	0	1	1
327	44	0	1	0	1
328	44	1	1	0	0
329	44	1	1	0	1
330	44	1	1	0	1
331	44	1	1	0	0
332	44	1	1	0	0
333	44	1	1	0	1
334	44	1	1	0	1
335	44	1	1	0	1
336	44	1	1	0	1
337	44	1	1	0	1
338	44	1	1	0	1
339	44	1	1	0	1
340	44	1	1	0	0
341	44	1	1	0	1
342	44	1	1	0	0
343	44	1	1	0	1
344	44	1	1	0	1
345	44	1	1	0	0
346	44	1	1	0	1
347	44	1	1	0	1
348	44	1	1	0	1
349	44	1	1	0	0
350	44	1	1	0	1
351	44	0	1	0	0
352	44	1	1	0	1
353	44	1	1	0	0
354	44	0	1	0	0
355	44	1	1	1	1
356	44	1	1	1	0
357	44	1	1	1	1
358	44	1	1	1	1
359	44	1	1	1	1
360	44	1	1	1	0
361	44	1	1	1	0
362	44	1	1	1	0
363	44	1	1	1	0
364	44	1	1	1	1
365	44	1	1	1	1
366	44	1	1	1	0
367	44	1	1	1	1
368	44	1	1	1	1
369	44	1	1	1	1
370	44	1	1	1	1
371	44	1	1	1	1
372	44	0	1	1	0
373	44	1	1	1	1
374	44	1	1	1	1
375	44	1	1	1	1
376	44	0	1	1	1
377	44	1	1	1	1
383	45	1	0	0	1
384	45	1	0	0	1
385	45	1	0	0	1
386	45	1	0	0	0
387	45	1	0	0	1
388	45	1	0	0	1
389	45	1	0	0	1
390	45	1	0	0	1
391	45	1	0	1	1
392	45	1	0	1	1
393	45	1	0	1	1
394	45	1	0	1	0
395	45	1	0	1	1
396	45	1	0	1	1
397	45	1	0	1	1
398	45	1	0	1	1
399	45	1	0	1	1
400	45	1	0	1	1
402	45	1	1	0	1
403	45	1	1	0	0
404	45	1	1	0	0
405	45	1	1	0	1
406	45	1	1	0	1
407	45	0	1	0	1
408	45	1	1	0	1
409	45	1	1	0	0
410	45	1	1	0	0
411	45	1	1	0	1
412	45	1	1	0	0
413	45	0	1	0	0
414	45	1	1	0	1
415	45	1	1	0	0
416	45	0	1	0	0
417	45	1	1	0	1
418	45	1	1	0	0
419	45	1	1	0	1
420	45	1	1	0	0
421	45	0	1	0	1
422	45	1	1	0	1
423	45	0	1	0	0
424	45	0	1	0	0
425	45	1	1	0	0
426	45	0	1	0	0
427	45	0	1	0	0
428	45	1	1	0	1
429	45	1	1	0	0
430	45	1	1	0	0
431	45	0	1	0	0
432	45	1	1	0	1
433	45	1	1	0	1
434	45	1	1	0	0
435	45	0	1	0	1
436	45	1	1	0	1
437	45	1	1	0	1
438	45	0	1	0	0
439	45	1	1	0	1
440	45	0	1	0	0
441	45	1	1	0	1
442	45	1	1	1	1
443	45	1	1	1	1
444	45	0	1	1	1
445	45	1	1	1	0
446	45	1	1	1	1
447	45	0	1	1	1
448	45	1	1	1	1
449	45	1	1	1	1
450	45	1	1	1	1
451	45	1	1	1	1
452	45	1	1	1	1
453	45	1	1	1	0
454	45	1	1	1	1
455	45	1	1	1	1
456	45	1	1	1	1
457	45	1	1	1	1
458	45	1	1	1	1
459	45	1	1	1	1
460	45	1	1	1	0
461	45	1	1	1	1
462	45	0	1	1	0
463	45	0	1	1	1
464	45	1	1	1	1
465	45	1	1	1	1
466	45	1	1	1	1
467	45	1	1	1	1
468	45	1	1	1	1
474	46	1	0	0	1
475	46	1	0	0	0
476	46	1	0	0	1
477	46	1	0	0	1
478	46	0	0	0	0
479	46	0	0	0	0
480	46	1	0	1	1
481	46	1	0	1	1
482	46	1	0	1	0
483	46	1	0	1	1
484	46	1	0	1	1
485	46	1	0	1	1
486	46	1	0	1	1
487	46	1	1	0	0
488	46	0	1	0	0
489	46	1	1	0	1
490	46	1	1	0	0
491	46	1	1	0	0
492	46	1	1	0	0
493	46	1	1	0	1
494	46	1	1	0	1
495	46	1	1	0	0
496	46	0	1	0	0
497	46	1	1	0	1
498	46	0	1	0	0
499	46	0	1	0	1
500	46	1	1	0	0
501	46	0	1	0	0
502	46	1	1	0	1
503	46	0	1	0	1
504	46	1	1	0	1
505	46	1	1	0	1
506	46	1	1	0	0
507	46	0	1	0	0
508	46	0	1	0	0
509	46	0	1	0	0
510	46	1	1	0	1
511	46	1	1	0	1
512	46	1	1	0	0
513	46	1	1	0	0
514	46	0	1	0	0
515	46	1	1	0	1
516	46	1	1	0	0
517	46	1	1	0	0
518	46	1	1	0	0
519	46	1	1	0	1
520	46	1	1	0	1
521	46	1	1	0	1
522	46	0	1	0	0
523	46	1	1	0	1
524	46	1	1	0	0
525	46	0	1	0	0
526	46	0	1	0	0
527	46	0	1	0	0
528	46	0	1	0	1
529	46	1	1	0	1
530	46	1	1	0	1
531	46	1	1	0	1
532	46	1	1	0	1
533	46	1	1	1	1
534	46	0	1	1	1
535	46	1	1	1	1
536	46	1	1	1	0
537	46	1	1	1	0
538	46	1	1	1	0
539	46	1	1	1	0
540	46	1	1	1	1
541	46	1	1	1	0
542	46	1	1	1	0
543	46	1	1	1	1
544	46	1	1	1	1
545	46	1	1	1	1
546	46	1	1	1	1
547	46	1	1	1	0
548	46	1	1	1	1
549	46	1	1	1	1
550	46	1	1	1	1
551	46	1	1	1	1
552	46	1	1	1	1
553	46	1	1	1	0
554	46	1	1	1	1
555	46	1	1	1	0
556	46	1	1	1	0
557	46	1	1	1	1
558	46	1	1	1	0
559	46	0	1	1	0
560	46	1	1	1	1
561	46	1	1	1	1
562	46	1	1	1	1
563	46	1	1	1	1
564	46	1	1	1	1
565	46	1	1	1	1
566	46	1	1	1	1
567	46	1	1	1	1
568	46	1	1	1	1
569	46	1	1	1	1
570	46	1	1	1	1
571	46	1	1	1	1
576	47	1	0	0	1
577	47	1	0	0	1
578	47	1	0	0	1
579	47	1	0	0	0
580	47	1	0	0	1
581	47	1	0	0	1
582	47	1	0	0	1
583	47	1	0	0	0
584	47	1	0	0	1
585	47	1	0	1	0
586	47	1	0	1	0
587	47	1	0	1	0
588	47	1	0	1	1
589	47	1	0	1	1
590	47	1	0	1	0
591	47	1	0	1	1
592	47	1	0	1	1
593	47	1	0	1	1
594	47	1	0	1	1
595	47	1	0	1	0
596	47	1	0	1	1
597	47	1	1	0	0
598	47	0	1	0	0
599	47	1	1	0	1
600	47	0	1	0	0
601	47	0	1	0	1
602	47	1	1	0	1
603	47	1	1	0	1
604	47	1	1	0	1
605	47	1	1	0	1
606	47	0	1	0	1
607	47	1	1	0	1
608	47	0	1	0	0
609	47	1	1	0	1
610	47	1	1	0	1
611	47	0	1	0	0
612	47	0	1	0	0
613	47	0	1	0	0
614	47	1	1	0	0
615	47	1	1	0	1
616	47	1	1	0	0
617	47	0	1	0	1
618	47	1	1	0	1
619	47	1	1	0	1
620	47	0	1	0	1
621	47	0	1	0	0
622	47	1	1	0	0
623	47	0	1	0	0
624	47	1	1	0	1
625	47	1	1	0	1
626	47	1	1	0	1
627	47	1	1	0	0
628	47	1	1	0	0
629	47	1	1	0	1
630	47	1	1	0	0
631	47	1	1	0	0
632	47	1	1	0	0
633	47	0	1	0	0
634	47	1	1	0	0
635	47	1	1	1	1
636	47	1	1	1	0
637	47	1	1	1	0
638	47	1	1	1	1
639	47	1	1	1	0
640	47	1	1	1	1
641	47	1	1	1	0
642	47	1	1	1	0
643	47	1	1	1	1
644	47	1	1	1	1
645	47	1	1	1	1
646	47	1	1	1	1
647	47	1	1	1	1
648	47	1	1	1	1
649	47	1	1	1	1
650	47	1	1	1	1
651	47	1	1	1	0
652	47	1	1	1	1
653	47	0	1	1	1
654	47	1	1	1	1
655	47	1	1	1	0
656	47	1	1	1	1
657	47	1	1	1	1
658	47	1	1	1	1
659	47	1	1	1	0
660	47	1	1	1	1
661	47	1	1	1	1
662	47	1	1	1	0
663	47	1	1	1	1
664	47	1	1	1	1
665	47	1	1	1	0
666	47	1	1	1	0
667	47	1	1	1	1
668	47	1	1	1	0
669	47	1	1	1	1
670	47	1	1	1	1
671	47	1	1	1	1
672	47	1	1	1	1
673	47	1	1	1	1
674	47	1	1	1	1
675	47	1	1	1	0
676	47	1	1	1	1
677	47	0	1	1	0
678	47	0	1	1	1
679	47	1	1	1	1
680	47	1	1	1	1
681	47	1	1	1	1
682	47	1	1	1	0
683	47	0	1	1	1
684	47	0	1	1	1
685	47	0	1	1	1
686	47	1	1	1	0
687	47	1	1	1	1
688	47	1	1	1	1
689	47	1	1	1	1
699	48	1	0	0	1
700	48	1	0	0	1
701	48	1	0	0	0
702	48	1	0	0	0
703	48	1	0	0	1
704	48	1	0	0	1
705	48	1	0	0	1
706	48	1	0	0	0
707	48	1	0	1	1
708	48	1	0	1	0
709	48	1	0	1	1
710	48	1	0	1	1
711	48	1	0	1	0
712	48	1	0	1	0
713	48	1	0	1	1
714	48	1	0	1	1
715	48	1	0	1	0
716	48	1	0	1	1
717	48	1	0	1	1
718	48	1	0	1	1
719	48	1	0	1	0
720	48	1	0	1	0
721	48	1	0	1	1
728	48	0	1	0	0
729	48	1	1	0	1
730	48	0	1	0	0
731	48	0	1	0	0
732	48	1	1	0	1
733	48	1	1	0	0
734	48	0	1	0	0
735	48	1	1	0	1
736	48	0	1	0	0
737	48	1	1	0	1
738	48	0	1	0	0
739	48	0	1	0	0
740	48	1	1	0	1
741	48	1	1	0	1
742	48	1	1	0	0
743	48	1	1	0	1
744	48	0	1	0	0
745	48	1	1	0	1
746	48	1	1	0	1
747	48	1	1	0	0
748	48	1	1	0	1
749	48	0	1	0	0
750	48	0	1	0	0
751	48	0	1	0	1
752	48	1	1	0	0
753	48	1	1	0	0
754	48	1	1	0	1
755	48	0	1	0	0
756	48	1	1	0	1
757	48	1	1	0	0
758	48	1	1	0	0
759	48	0	1	0	0
760	48	0	1	0	0
761	48	1	1	0	0
762	48	0	1	0	1
763	48	1	1	0	0
764	48	1	1	0	1
765	48	1	1	0	1
766	48	1	1	0	1
767	48	1	1	1	1
768	48	1	1	1	1
769	48	0	1	1	1
770	48	0	1	1	1
771	48	1	1	1	1
772	48	1	1	1	1
773	48	1	1	1	1
774	48	1	1	1	1
775	48	1	1	1	1
776	48	1	1	1	1
777	48	0	1	1	0
778	48	1	1	1	1
779	48	1	1	1	1
780	48	1	1	1	1
781	48	1	1	1	0
782	48	1	1	1	1
783	48	1	1	1	0
784	48	1	1	1	0
785	48	1	1	1	0
786	48	1	1	1	1
787	48	1	1	1	1
788	48	1	1	1	1
789	48	1	1	1	1
790	48	1	1	1	0
791	48	1	1	1	1
792	48	1	1	1	1
793	48	1	1	1	1
794	48	1	1	1	1
795	48	1	1	1	0
796	48	1	1	1	1
797	48	1	1	1	1
798	48	1	1	1	0
799	48	1	1	1	1
800	48	1	1	1	1
801	48	1	1	1	1
802	48	1	1	1	0
803	48	1	1	1	1
804	48	1	1	1	0
805	48	1	1	1	1
806	48	1	1	1	1
807	48	0	1	1	1
808	48	1	1	1	1
809	48	1	1	1	1
810	48	1	1	1	1
811	48	1	1	1	0
812	48	1	1	1	1
813	48	1	1	1	0
814	48	1	1	1	0
815	48	1	1	1	1
816	48	1	1	1	1
817	48	1	1	1	1
818	48	1	1	1	0
819	48	1	1	1	1
820	48	1	1	1	0
821	48	1	1	1	1
822	48	1	1	1	1
823	48	1	1	1	1
824	48	1	1	1	1
825	48	1	1	1	1
826	48	1	1	1	0
827	48	1	1	1	1
828	48	0	1	1	1
835	49	1	0	0	1
836	49	1	0	0	0
837	49	1	0	0	1
838	49	1	0	0	0
839	49	1	0	0	1
840	49	0	0	0	0
841	49	1	0	0	1
842	49	1	0	0	0
843	49	0	0	0	0
844	49	0	0	0	0
845	49	1	0	1	1
846	49	1	0	1	1
847	49	1	0	1	1
848	49	1	0	1	0
849	49	1	0	1	1
850	49	1	0	1	0
851	49	1	0	1	1
852	49	1	0	1	0
853	49	1	0	1	1
854	49	1	0	1	1
855	49	1	0	1	1
856	49	1	0	1	0
857	49	1	0	1	1
858	49	1	0	1	1
859	49	1	0	1	1
860	49	1	0	1	1
861	49	1	0	1	0
862	49	1	0	1	1
863	49	1	0	1	0
864	49	1	0	1	0
865	49	1	0	1	0
866	49	1	0	1	0
867	49	1	0	1	0
869	49	1	1	0	0
870	49	0	1	0	1
871	49	1	1	0	0
872	49	1	1	0	1
873	49	1	1	0	0
874	49	1	1	0	1
875	49	1	1	0	0
876	49	1	1	0	1
877	49	0	1	0	0
878	49	1	1	0	0
879	49	1	1	0	0
880	49	0	1	0	1
881	49	1	1	0	1
882	49	1	1	0	1
883	49	0	1	0	0
884	49	1	1	0	1
885	49	1	1	0	0
886	49	1	1	0	1
887	49	1	1	0	0
888	49	1	1	0	0
889	49	0	1	0	0
890	49	1	1	0	0
891	49	1	1	0	1
892	49	1	1	0	1
893	49	0	1	0	1
894	49	0	1	0	0
895	49	1	1	0	1
896	49	0	1	0	1
897	49	1	1	0	0
898	49	1	1	0	1
899	49	0	1	0	0
900	49	0	1	0	0
901	49	1	1	0	1
902	49	1	1	0	1
903	49	0	1	0	0
904	49	1	1	0	1
905	49	0	1	0	0
906	49	0	1	0	1
907	49	0	1	0	0
908	49	1	1	0	0
909	49	0	1	0	0
910	49	1	1	0	1
911	49	1	1	0	1
912	49	0	1	0	0
913	49	0	1	0	0
914	49	1	1	0	1
915	49	0	1	0	0
916	49	1	1	0	0
917	49	0	1	0	0
918	49	1	1	0	0
919	49	1	1	0	0
920	49	1	1	0	0
921	49	0	1	0	0
922	49	0	1	0	0
923	49	1	1	0	1
924	49	1	1	0	0
925	49	1	1	0	0
926	49	1	1	0	1
927	49	1	1	0	0
928	49	1	1	0	1
929	49	0	1	0	0
930	49	1	1	0	0
931	49	0	1	0	0
932	49	0	1	0	1
933	49	0	1	0	1
934	49	1	1	1	1
935	49	1	1	1	1
936	49	1	1	1	1
937	49	1	1	1	1
938	49	1	1	1	1
939	49	1	1	1	0
940	49	1	1	1	0
941	49	1	1	1	1
942	49	1	1	1	0
943	49	1	1	1	1
944	49	1	1	1	1
945	49	1	1	1	0
946	49	1	1	1	1
947	49	1	1	1	1
948	49	1	1	1	1
949	49	1	1	1	1
950	49	1	1	1	0
951	49	1	1	1	0
952	49	1	1	1	1
953	49	1	1	1	1
954	49	1	1	1	1
955	49	1	1	1	0
956	49	1	1	1	1
957	49	1	1	1	1
958	49	1	1	1	1
959	49	1	1	1	1
960	49	1	1	1	1
961	49	1	1	1	1
962	49	1	1	1	1
963	49	1	1	1	1
964	49	1	1	1	1
965	49	1	1	1	0
966	49	1	1	1	1
967	49	1	1	1	0
968	49	1	1	1	1
969	49	1	1	1	1
970	49	0	1	1	0
971	49	0	1	1	1
972	49	1	1	1	0
973	49	1	1	1	1
974	49	1	1	1	0
975	49	1	1	1	0
976	49	1	1	1	1
977	49	1	1	1	1
978	49	1	1	1	1
979	49	0	1	1	0
980	49	1	1	1	0
981	49	0	1	1	1
982	49	1	1	1	1
983	49	1	1	1	1
984	49	1	1	1	1
985	49	1	1	1	0
986	49	1	1	1	1
987	49	1	1	1	1
988	49	1	1	1	1
989	49	1	1	1	1
990	49	1	1	1	1
991	49	1	1	1	1
992	49	1	1	1	0
993	49	1	1	1	1
994	49	1	1	1	1
995	49	0	1	1	1
996	49	0	1	1	1
997	49	1	1	1	1
998	49	1	1	1	1
999	49	1	1	1	1
1000	49	1	1	1	0
1001	49	1	1	1	0
1002	49	1	1	1	1
1003	49	1	1	1	1
1004	49	1	1	1	1
1005	49	1	1	1	1
1006	49	1	1	1	1
1007	49	1	1	1	0
1008	49	1	1	1	1
1009	49	1	1	1	0
1010	49	1	1	1	0
1011	49	0	1	1	0
1012	49	1	1	1	1
1013	49	1	1	1	1
1014	49	1	1	1	1
1015	49	1	1	1	1
1016	49	1	1	1	1
1017	49	1	1	1	1
1018	49	1	1	1	0
1019	49	1	1	1	0
1020	49	1	1	1	1
1031	50	0	0	0	0
1032	50	0	0	0	0
1033	50	1	0	0	0
1034	50	1	0	0	0
1035	50	0	0	0	0
1036	50	1	0	0	1
1037	50	1	0	0	1
1038	50	1	0	0	0
1039	50	0	0	0	0
1040	50	1	0	1	1
1041	50	1	0	1	1
1042	50	1	0	1	1
1043	50	1	0	1	1
1044	50	1	0	1	1
1045	50	1	0	1	0
1046	50	1	0	1	1
1047	50	1	0	1	1
1048	50	1	0	1	1
1049	50	1	0	1	1
1050	50	1	0	1	1
1051	50	1	0	1	1
1052	50	0	0	1	0
1053	50	1	0	1	1
1054	50	1	0	1	1
1055	50	1	0	1	1
1056	50	1	0	1	0
1058	50	1	1	0	1
1059	50	0	1	0	0
1060	50	0	1	0	0
1061	50	1	1	0	1
1062	50	1	1	0	1
1063	50	1	1	0	1
1064	50	1	1	0	1
1065	50	0	1	0	0
1066	50	0	1	0	0
1067	50	0	1	0	1
1068	50	0	1	0	0
1069	50	0	1	0	0
1070	50	1	1	0	1
1071	50	1	1	0	1
1072	50	0	1	0	0
1073	50	0	1	0	0
1074	50	1	1	0	1
1075	50	0	1	0	0
1076	50	0	1	0	0
1077	50	0	1	0	1
1078	50	1	1	0	1
1079	50	1	1	0	1
1080	50	0	1	0	0
1081	50	1	1	0	1
1082	50	1	1	0	0
1083	50	0	1	0	0
1084	50	1	1	0	1
1085	50	1	1	0	1
1086	50	1	1	0	1
1087	50	0	1	0	0
1088	50	1	1	0	1
1089	50	0	1	0	1
1090	50	1	1	0	0
1091	50	0	1	0	0
1092	50	0	1	0	0
1093	50	1	1	0	0
1094	50	1	1	0	1
1095	50	1	1	1	0
1096	50	1	1	1	0
1097	50	1	1	1	1
1098	50	1	1	1	0
1099	50	1	1	1	1
1100	50	1	1	1	0
1101	50	1	1	1	1
1102	50	1	1	1	1
1103	50	1	1	1	1
1104	50	1	1	1	1
1105	50	0	1	1	0
1106	50	1	1	1	1
1107	50	0	1	1	1
1108	50	1	1	1	1
1109	50	1	1	1	1
1110	50	1	1	1	0
1111	50	1	1	1	1
1112	50	1	1	1	1
1113	50	1	1	1	1
1114	50	0	1	1	0
1115	50	1	1	1	1
1116	50	1	1	1	1
1117	50	0	1	1	0
1118	50	0	1	1	1
1119	50	1	1	1	1
1120	50	0	1	1	1
1121	50	1	1	1	0
1122	50	1	1	1	1
1123	50	1	1	1	1
1124	50	1	1	1	1
1125	50	1	1	1	1
1126	50	1	1	1	1
1127	50	1	1	1	0
1128	50	1	1	1	1
1129	50	1	1	1	1
1130	50	1	1	1	1
1131	50	1	1	1	1
1132	50	1	1	1	1
1133	50	0	1	1	0
1134	50	1	1	1	1
1135	50	1	1	1	1
1136	50	1	1	1	1
1137	50	1	1	1	1
1138	50	1	1	1	1
1139	50	1	1	1	1
1140	50	1	1	1	1
1141	50	0	1	1	0
1142	50	1	1	1	1
1143	50	1	1	1	1
1144	50	1	1	1	1
1145	50	1	1	1	1
1146	50	1	1	1	1
1147	50	1	1	1	1
1148	50	1	1	1	1
1149	50	1	1	1	0
1150	50	1	1	1	1
1151	50	1	1	1	0
1152	50	1	1	1	1
1153	50	1	1	1	1
1154	50	1	1	1	0
1155	50	1	1	1	1
1156	50	1	1	1	1
1157	50	1	1	1	1
1158	50	1	1	1	1
1159	50	1	1	1	0
1160	50	1	1	1	1
1161	50	1	1	1	1
1162	50	1	1	1	0
1163	50	1	1	1	1
1164	50	1	1	1	1
1165	50	1	1	1	1
1166	50	1	1	1	1
1167	50	1	1	1	0
1168	50	1	1	1	1
1169	50	1	1	1	1
1170	50	1	1	1	1
1171	50	1	1	1	0
1172	50	1	1	1	0
1173	50	1	1	1	1
1174	50	1	1	1	1
1175	50	1	1	1	1
1176	50	1	1	1	1
1177	50	1	1	1	1
1178	50	1	1	1	1
1179	50	0	1	1	1
1180	50	1	1	1	1
1181	50	1	1	1	1
1182	50	1	1	1	0
1183	50	1	1	1	1
1184	50	1	1	1	1
1185	50	1	1	1	1
1186	50	1	1	1	1
1187	50	1	1	1	1
1188	50	0	1	1	1
1189	50	0	1	1	1
1190	50	1	1	1	0
1191	50	1	1	1	1
1192	50	1	1	1	0
1193	50	1	1	1	1
1194	50	1	1	1	1
1195	50	1	1	1	1
1196	50	0	1	1	1
1197	50	1	1	1	1
1198	50	1	1	1	0
1199	50	1	1	1	0
1200	50	0	1	1	1
1201	50	0	1	1	1
1202	50	1	1	1	1
1203	50	1	1	1	1
1204	50	1	1	1	1
1205	50	1	1	1	1
1206	50	0	1	1	1
1207	50	1	1	1	1
1208	50	1	1	1	0
1209	50	1	1	1	1
1210	50	1	1	1	1
1211	50	1	1	1	1
1212	50	0	1	1	0
1213	50	1	1	1	1
1214	50	1	1	1	1
1226	51	1	0	0	0
1227	51	1	0	0	1
1228	51	1	0	0	0
1229	51	1	0	0	0
1230	51	1	0	0	1
1231	51	1	0	1	1
1232	51	1	0	1	0
1233	51	1	0	1	1
1234	51	1	0	1	1
1235	51	1	0	1	0
1236	51	1	0	1	1
1237	51	1	0	1	1
1238	51	1	0	1	1
1239	51	0	0	1	0
1240	51	1	0	1	0
1241	51	1	0	1	0
1242	51	1	0	1	1
1243	51	1	0	1	1
1244	51	1	0	1	0
1245	51	1	0	1	1
1246	51	1	0	1	1
1247	51	1	0	1	1
1248	51	1	0	1	1
1249	51	1	0	1	1
1250	51	1	0	1	1
1251	51	1	0	1	1
1252	51	0	0	1	1
1253	51	1	0	1	1
1254	51	1	0	1	0
1255	51	1	0	1	0
1256	51	1	0	1	1
1257	51	1	0	1	0
1259	51	1	1	0	0
1260	51	1	1	0	1
1261	51	0	1	0	0
1262	51	0	1	0	1
1263	51	1	1	0	0
1264	51	0	1	0	1
1265	51	0	1	0	0
1266	51	0	1	0	1
1267	51	1	1	0	0
1268	51	0	1	0	0
1269	51	0	1	0	0
1270	51	0	1	0	1
1271	51	1	1	0	1
1272	51	0	1	0	0
1273	51	0	1	0	0
1274	51	0	1	0	0
1275	51	1	1	0	0
1276	51	1	1	0	1
1277	51	0	1	0	0
1278	51	0	1	0	0
1279	51	0	1	0	0
1280	51	1	1	0	0
1281	51	1	1	0	1
1282	51	0	1	0	0
1283	51	1	1	0	1
1284	51	1	1	0	1
1285	51	0	1	0	0
1286	51	0	1	0	1
1287	51	0	1	0	0
1288	51	1	1	0	1
1289	51	1	1	0	0
1290	51	0	1	0	1
1291	51	0	1	0	0
1292	51	0	1	0	0
1293	51	1	1	0	0
1294	51	0	1	0	0
1295	51	0	1	0	1
1296	51	0	1	0	0
1297	51	1	1	1	0
1298	51	1	1	1	0
1299	51	1	1	1	1
1300	51	1	1	1	1
1301	51	0	1	1	0
1302	51	1	1	1	1
1303	51	1	1	1	1
1304	51	1	1	1	1
1305	51	1	1	1	1
1306	51	1	1	1	1
1307	51	1	1	1	1
1308	51	1	1	1	1
1309	51	1	1	1	1
1310	51	1	1	1	1
1311	51	1	1	1	1
1312	51	1	1	1	1
1313	51	1	1	1	1
1314	51	1	1	1	1
1315	51	1	1	1	1
1316	51	1	1	1	1
1317	51	1	1	1	1
1318	51	1	1	1	1
1319	51	1	1	1	1
1320	51	1	1	1	1
1321	51	1	1	1	1
1322	51	1	1	1	1
1323	51	1	1	1	1
1324	51	1	1	1	1
1325	51	1	1	1	0
1326	51	1	1	1	0
1327	51	1	1	1	1
1328	51	1	1	1	1
1329	51	1	1	1	0
1330	51	1	1	1	0
1331	51	1	1	1	1
1332	51	1	1	1	1
1333	51	0	1	1	0
1334	51	1	1	1	0
1335	51	1	1	1	1
1336	51	1	1	1	0
1337	51	1	1	1	1
1338	51	1	1	1	1
1339	51	1	1	1	0
1340	51	1	1	1	0
1341	51	1	1	1	0
1342	51	1	1	1	1
1343	51	1	1	1	0
1344	51	1	1	1	0
1345	51	1	1	1	1
1346	51	1	1	1	1
1347	51	1	1	1	1
1348	51	1	1	1	0
1349	51	1	1	1	1
1350	51	1	1	1	1
1351	51	1	1	1	1
1352	51	0	1	1	1
1353	51	1	1	1	1
1354	51	1	1	1	1
1355	51	1	1	1	1
1356	51	1	1	1	0
1357	51	0	1	1	0
1358	51	1	1	1	1
1359	51	1	1	1	1
1360	51	1	1	1	1
1361	51	1	1	1	1
1362	51	1	1	1	1
1363	51	1	1	1	0
1364	51	1	1	1	1
1365	51	1	1	1	0
1366	51	1	1	1	1
1367	51	0	1	1	0
1368	51	0	1	1	0
1369	51	1	1	1	1
1370	51	0	1	1	0
1371	51	1	1	1	1
1372	51	1	1	1	1
1373	51	1	1	1	1
1374	51	1	1	1	1
1375	51	1	1	1	0
1376	51	1	1	1	1
1377	51	1	1	1	1
1378	51	1	1	1	0
1379	51	1	1	1	1
1380	51	1	1	1	0
1381	51	1	1	1	0
1382	51	1	1	1	1
1383	51	1	1	1	1
1384	51	1	1	1	0
1385	51	0	1	1	0
1386	51	1	1	1	1
1387	51	1	1	1	1
1388	51	1	1	1	0
1389	51	1	1	1	1
1390	51	1	1	1	0
1391	51	0	1	1	1
1392	51	1	1	1	1
1393	51	1	1	1	1
1394	51	1	1	1	1
1395	51	1	1	1	1
1396	51	1	1	1	0
1397	51	1	1	1	1
1398	51	1	1	1	0
1399	51	1	1	1	1
1400	51	1	1	1	1
1401	51	1	1	1	1
1402	51	1	1	1	1
1417	52	1	0	0	0
1418	52	1	0	0	1
1419	52	0	0	0	1
1420	52	0	0	0	0
1421	52	1	0	0	1
1422	52	1	0	1	1
1423	52	0	0	1	1
1424	52	1	0	1	1
1425	52	1	0	1	1
1426	52	1	0	1	1
1427	52	1	0	1	1
1428	52	1	0	1	0
1429	52	1	0	1	1
1430	52	1	0	1	1
1431	52	1	0	1	1
1432	52	0	0	1	1
1433	52	1	0	1	1
1434	52	1	0	1	1
1435	52	1	0	1	1
1436	52	1	0	1	1
1437	52	1	0	1	0
1438	52	1	0	1	0
1439	52	1	0	1	0
1441	52	0	1	0	0
1442	52	0	1	0	0
1443	52	0	1	0	0
1444	52	1	1	0	1
1445	52	1	1	0	0
1446	52	1	1	0	0
1447	52	1	1	0	1
1448	52	1	1	0	0
1449	52	1	1	0	1
1450	52	0	1	0	0
1451	52	0	1	0	0
1452	52	0	1	0	0
1453	52	1	1	0	0
1454	52	0	1	0	0
1455	52	1	1	0	0
1456	52	0	1	0	1
1457	52	1	1	0	0
1458	52	0	1	0	0
1459	52	1	1	0	0
1460	52	1	1	0	1
1461	52	0	1	0	0
1462	52	0	1	0	0
1463	52	1	1	0	1
1464	52	1	1	0	1
1465	52	0	1	0	0
1466	52	0	1	0	1
1467	52	1	1	0	0
1468	52	1	1	0	1
1469	52	1	1	0	0
1470	52	0	1	0	1
1471	52	1	1	0	0
1472	52	1	1	0	1
1473	52	1	1	0	1
1474	52	1	1	0	0
1475	52	0	1	0	0
1476	52	0	1	0	0
1477	52	1	1	0	0
1478	52	1	1	0	0
1479	52	1	1	0	1
1480	52	0	1	0	0
1481	52	1	1	0	0
1482	52	1	1	0	1
1483	52	0	1	0	0
1484	52	0	1	0	0
1485	52	1	1	0	1
1486	52	1	1	0	0
1487	52	0	1	0	1
1488	52	0	1	0	0
1489	52	0	1	0	0
1490	52	1	1	1	1
1491	52	1	1	1	0
1492	52	1	1	1	0
1493	52	1	1	1	1
1494	52	1	1	1	1
1495	52	0	1	1	0
1496	52	1	1	1	1
1497	52	0	1	1	0
1498	52	1	1	1	0
1499	52	0	1	1	0
1500	52	1	1	1	1
1501	52	1	1	1	0
1502	52	1	1	1	1
1503	52	1	1	1	1
1504	52	0	1	1	1
1505	52	1	1	1	0
1506	52	1	1	1	1
1507	52	1	1	1	1
1508	52	1	1	1	1
1509	52	1	1	1	1
1510	52	1	1	1	1
1511	52	1	1	1	1
1512	52	1	1	1	0
1513	52	0	1	1	1
1514	52	1	1	1	1
1515	52	1	1	1	1
1516	52	1	1	1	1
1517	52	1	1	1	1
1518	52	1	1	1	1
1519	52	1	1	1	1
1520	52	1	1	1	1
1521	52	1	1	1	1
1522	52	0	1	1	0
1523	52	1	1	1	0
1524	52	1	1	1	1
1525	52	1	1	1	1
1526	52	1	1	1	1
1527	52	1	1	1	1
1528	52	1	1	1	1
1529	52	1	1	1	1
1530	52	1	1	1	0
1531	52	1	1	1	1
1532	52	1	1	1	1
1533	52	1	1	1	0
1534	52	1	1	1	1
1535	52	1	1	1	1
1536	52	1	1	1	1
1537	52	0	1	1	0
1538	52	1	1	1	1
1539	52	1	1	1	0
1540	52	1	1	1	1
1541	52	1	1	1	1
1542	52	1	1	1	0
1543	52	1	1	1	1
1544	52	1	1	1	0
1545	52	1	1	1	0
1546	52	1	1	1	1
1547	52	0	1	1	1
1548	52	0	1	1	0
1549	52	1	1	1	1
1550	52	1	1	1	0
1551	52	1	1	1	0
1552	52	1	1	1	1
1553	52	1	1	1	0
1554	52	1	1	1	0
1555	52	1	1	1	1
1556	52	1	1	1	0
1557	52	0	1	1	1
1558	52	1	1	1	1
1559	52	1	1	1	1
1560	52	1	1	1	0
1561	52	0	1	1	1
1562	52	1	1	1	0
1563	52	1	1	1	1
1564	52	1	1	1	1
1565	52	1	1	1	1
1566	52	0	1	1	0
1567	52	0	1	1	1
1568	52	1	1	1	1
1569	52	1	1	1	1
1570	52	1	1	1	0
1571	52	1	1	1	1
1572	52	1	1	1	1
1573	52	0	1	1	0
1574	52	1	1	1	1
1575	52	1	1	1	1
1576	52	1	1	1	1
1577	52	1	1	1	1
1578	52	1	1	1	0
1579	52	0	1	1	0
1580	52	1	1	1	0
1581	52	1	1	1	0
1582	52	1	1	1	0
1583	52	1	1	1	1
1584	52	1	1	1	1
1585	52	1	1	1	0
1586	52	1	1	1	1
1587	52	0	1	1	0
1588	52	0	1	1	0
1589	52	1	1	1	1
1590	52	1	1	1	1
1591	52	1	1	1	1
1592	52	1	1	1	0
1593	52	1	1	1	0
1594	52	1	1	1	1
1595	52	1	1	1	1
1596	52	1	1	1	1
1597	52	1	1	1	1
1598	52	1	1	1	1
1599	52	1	1	1	0
1600	52	1	1	1	1
1601	52	1	1	1	1
1602	52	0	1	1	1
1603	52	1	1	1	1
1604	52	1	1	1	1
1605	52	1	1	1	1
1606	52	1	1	1	1
1607	52	1	1	1	1
1608	52	1	1	1	1
1609	52	1	1	1	0
1610	52	1	1	1	1
1611	52	1	1	1	1
1626	53	1	0	0	0
1627	53	0	0	0	0
1628	53	0	0	0	0
1629	53	1	0	0	0
1630	53	1	0	0	1
1631	53	1	0	0	1
1632	53	1	0	0	0
1633	53	1	0	0	1
1634	53	1	0	1	1
1635	53	1	0	1	1
1636	53	1	0	1	0
1637	53	1	0	1	0
1638	53	1	0	1	1
1639	53	1	0	1	1
1640	53	1	0	1	1
1641	53	1	0	1	1
1642	53	1	0	1	1
1643	53	0	0	1	0
1644	53	1	0	1	1
1645	53	1	0	1	1
1646	53	1	0	1	1
1647	53	0	0	1	0
1648	53	1	0	1	1
1649	53	1	0	1	0
1650	53	1	0	1	1
1651	53	1	0	1	0
1652	53	1	0	1	1
1653	53	1	0	1	0
1654	53	1	0	1	1
1657	53	0	1	0	0
1658	53	0	1	0	0
1659	53	1	1	0	0
1660	53	1	1	0	1
1661	53	1	1	0	0
1662	53	0	1	0	0
1663	53	0	1	0	0
1664	53	0	1	0	1
1665	53	0	1	0	0
1666	53	1	1	0	0
1667	53	1	1	0	1
1668	53	0	1	0	0
1669	53	0	1	0	0
1670	53	0	1	0	1
1671	53	0	1	0	0
1672	53	1	1	0	1
1673	53	1	1	0	1
1674	53	1	1	0	0
1675	53	0	1	0	0
1676	53	0	1	0	1
1677	53	0	1	0	0
1678	53	1	1	0	0
1679	53	0	1	0	0
1680	53	1	1	0	1
1681	53	0	1	0	1
1682	53	1	1	0	1
1683	53	1	1	0	0
1684	53	1	1	0	0
1685	53	0	1	0	0
1686	53	0	1	0	0
1687	53	0	1	0	0
1688	53	0	1	0	0
1689	53	1	1	0	0
1690	53	0	1	0	0
1691	53	0	1	0	0
1692	53	1	1	0	0
1693	53	0	1	0	1
1694	53	1	1	0	1
1695	53	1	1	1	0
1696	53	0	1	1	0
1697	53	1	1	1	0
1698	53	1	1	1	1
1699	53	1	1	1	0
1700	53	1	1	1	0
1701	53	1	1	1	1
1702	53	1	1	1	1
1703	53	1	1	1	1
1704	53	0	1	1	0
1705	53	1	1	1	0
1706	53	1	1	1	1
1707	53	1	1	1	1
1708	53	1	1	1	1
1709	53	1	1	1	1
1710	53	1	1	1	1
1711	53	1	1	1	1
1712	53	1	1	1	1
1713	53	1	1	1	1
1714	53	0	1	1	1
1715	53	1	1	1	1
1716	53	1	1	1	0
1717	53	1	1	1	1
1718	53	0	1	1	0
1719	53	1	1	1	1
1720	53	1	1	1	1
1721	53	1	1	1	0
1722	53	1	1	1	1
1723	53	1	1	1	1
1724	53	0	1	1	0
1725	53	1	1	1	0
1726	53	0	1	1	1
1727	53	1	1	1	1
1728	53	0	1	1	0
1729	53	1	1	1	1
1730	53	1	1	1	1
1731	53	1	1	1	0
1732	53	0	1	1	1
1733	53	1	1	1	0
1734	53	1	1	1	1
1735	53	1	1	1	1
1736	53	1	1	1	1
1737	53	1	1	1	1
1738	53	1	1	1	1
1739	53	1	1	1	0
1740	53	1	1	1	1
1741	53	1	1	1	1
1742	53	1	1	1	1
1743	53	1	1	1	1
1744	53	1	1	1	0
1745	53	1	1	1	1
1746	53	1	1	1	1
1747	53	1	1	1	1
1748	53	1	1	1	1
1749	53	0	1	1	0
1750	53	1	1	1	1
1751	53	1	1	1	0
1752	53	1	1	1	1
1753	53	0	1	1	0
1754	53	1	1	1	0
1755	53	1	1	1	1
1756	53	0	1	1	1
1757	53	1	1	1	1
1758	53	1	1	1	1
1759	53	1	1	1	1
1760	53	0	1	1	1
1761	53	1	1	1	1
1762	53	1	1	1	1
1763	53	1	1	1	0
1764	53	1	1	1	1
1765	53	1	1	1	1
1766	53	1	1	1	1
1767	53	1	1	1	0
1768	53	1	1	1	1
1769	53	1	1	1	0
1770	53	1	1	1	1
1771	53	1	1	1	1
1772	53	1	1	1	1
1773	53	1	1	1	1
1774	53	1	1	1	1
1775	53	1	1	1	0
1776	53	0	1	1	1
1777	53	1	1	1	0
1778	53	1	1	1	1
1779	53	1	1	1	0
1780	53	1	1	1	1
1781	53	1	1	1	0
1782	53	1	1	1	1
1783	53	1	1	1	1
1784	53	1	1	1	1
1785	53	1	1	1	1
1786	53	1	1	1	1
1787	53	0	1	1	0
1788	53	1	1	1	0
1789	53	1	1	1	0
1790	53	1	1	1	1
1791	53	1	1	1	1
1792	53	1	1	1	1
1793	53	1	1	1	1
1794	53	1	1	1	1
1795	53	1	1	1	1
1796	53	0	1	1	1
1797	53	1	1	1	1
1798	53	0	1	1	0
1799	53	0	1	1	0
1800	53	1	1	1	0
1801	53	1	1	1	0
1802	53	1	1	1	0
1803	53	1	1	1	1
1804	53	0	1	1	1
1805	53	1	1	1	1
1806	53	1	1	1	0
1807	53	1	1	1	1
1808	53	0	1	1	0
1809	53	1	1	1	1
1810	53	1	1	1	1
1811	53	0	1	1	0
1812	53	1	1	1	1
1813	53	1	1	1	0
1825	54	0	0	0	0
1826	54	1	0	0	1
1827	54	1	0	0	1
1828	54	1	0	0	1
1829	54	0	0	0	0
1830	54	0	0	0	0
1831	54	0	0	0	0
1832	54	1	0	0	0
1833	54	1	0	0	1
1834	54	1	0	0	1
1835	54	1	0	0	1
1836	54	1	0	1	1
1837	54	1	0	1	1
1838	54	0	0	1	1
1839	54	1	0	1	0
1840	54	1	0	1	0
1841	54	1	0	1	0
1842	54	1	0	1	1
1843	54	1	0	1	1
1844	54	1	0	1	1
1845	54	1	0	1	1
1846	54	0	0	1	0
1847	54	1	0	1	1
1848	54	1	0	1	0
1849	54	1	0	1	0
1850	54	1	0	1	1
1851	54	1	0	1	1
1852	54	1	0	1	1
1853	54	0	0	1	1
1854	54	1	0	1	1
1855	54	1	0	1	0
1856	54	1	0	1	0
1857	54	1	0	1	0
1858	54	1	0	1	0
1859	54	1	0	1	1
1860	54	0	0	1	0
1863	54	1	1	0	0
1864	54	0	1	0	0
1865	54	1	1	0	0
1866	54	1	1	0	1
1867	54	0	1	0	1
1868	54	0	1	0	0
1869	54	0	1	0	0
1870	54	1	1	0	0
1871	54	0	1	0	0
1872	54	0	1	0	1
1873	54	1	1	0	0
1874	54	0	1	0	0
1875	54	1	1	0	1
1876	54	1	1	0	1
1877	54	1	1	0	1
1878	54	1	1	0	1
1879	54	0	1	0	0
1880	54	1	1	0	0
1881	54	0	1	0	1
1882	54	0	1	0	0
1883	54	1	1	0	1
1884	54	1	1	0	0
1885	54	1	1	0	1
1886	54	1	1	0	1
1887	54	1	1	0	1
1888	54	0	1	0	0
1889	54	0	1	0	1
1890	54	0	1	0	0
1891	54	0	1	0	0
1892	54	1	1	0	1
1893	54	0	1	0	0
1894	54	1	1	0	1
1895	54	1	1	0	1
1896	54	1	1	0	0
1897	54	0	1	0	0
1898	54	1	1	0	1
1899	54	1	1	0	0
1900	54	0	1	0	0
1901	54	0	1	0	0
1902	54	1	1	0	1
1903	54	1	1	0	1
1904	54	1	1	0	1
1905	54	0	1	0	0
1906	54	1	1	1	1
1907	54	0	1	1	1
1908	54	1	1	1	0
1909	54	0	1	1	0
1910	54	1	1	1	1
1911	54	0	1	1	1
1912	54	1	1	1	1
1913	54	1	1	1	0
1914	54	0	1	1	0
1915	54	1	1	1	1
1916	54	1	1	1	1
1917	54	1	1	1	1
1918	54	1	1	1	1
1919	54	1	1	1	1
1920	54	1	1	1	1
1921	54	1	1	1	0
1922	54	1	1	1	0
1923	54	0	1	1	0
1924	54	1	1	1	1
1925	54	1	1	1	1
1926	54	1	1	1	1
1927	54	1	1	1	1
1928	54	0	1	1	1
1929	54	1	1	1	1
1930	54	1	1	1	0
1931	54	1	1	1	1
1932	54	1	1	1	1
1933	54	1	1	1	1
1934	54	1	1	1	1
1935	54	0	1	1	0
1936	54	1	1	1	1
1937	54	1	1	1	1
1938	54	1	1	1	1
1939	54	1	1	1	1
1940	54	1	1	1	0
1941	54	1	1	1	1
1942	54	1	1	1	1
1943	54	1	1	1	0
1944	54	1	1	1	1
1945	54	1	1	1	1
1946	54	1	1	1	1
1947	54	1	1	1	1
1948	54	1	1	1	0
1949	54	1	1	1	1
1950	54	0	1	1	0
1951	54	1	1	1	1
1952	54	1	1	1	1
1953	54	1	1	1	1
1954	54	0	1	1	0
1955	54	1	1	1	1
1956	54	1	1	1	0
1957	54	1	1	1	0
1958	54	1	1	1	1
1959	54	0	1	1	0
1960	54	1	1	1	1
1961	54	1	1	1	1
1962	54	1	1	1	1
1963	54	1	1	1	1
1964	54	1	1	1	1
1965	54	1	1	1	1
1966	54	0	1	1	1
1967	54	1	1	1	1
1968	54	1	1	1	1
1969	54	1	1	1	1
1970	54	0	1	1	1
1971	54	1	1	1	1
1972	54	1	1	1	1
1973	54	1	1	1	1
1974	54	1	1	1	1
1975	54	1	1	1	1
1976	54	1	1	1	1
1977	54	1	1	1	1
1978	54	1	1	1	1
1979	54	1	1	1	1
1980	54	1	1	1	1
1981	54	0	1	1	1
1982	54	1	1	1	1
1983	54	0	1	1	1
1984	54	1	1	1	0
1985	54	1	1	1	1
1986	54	1	1	1	0
1987	54	0	1	1	0
1988	54	1	1	1	1
1989	54	1	1	1	1
1990	54	1	1	1	0
1991	54	1	1	1	1
1992	54	1	1	1	1
1993	54	1	1	1	1
1994	54	1	1	1	1
1995	54	1	1	1	1
1996	54	1	1	1	1
1997	54	1	1	1	0
1998	54	1	1	1	1
1999	54	0	1	1	1
2000	54	1	1	1	1
2001	54	0	1	1	1
2002	54	1	1	1	1
2003	54	1	1	1	1
2004	54	1	1	1	1
2005	54	0	1	1	0
2006	54	0	1	1	0
2007	54	1	1	1	1
2008	54	1	1	1	1
2009	54	1	1	1	1
2010	54	0	1	1	0
2011	54	1	1	1	0
2012	54	1	1	1	1
2013	54	1	1	1	1
2014	54	1	1	1	0
2015	54	1	1	1	1
2016	54	0	1	1	1
2017	54	1	1	1	1
2018	54	1	1	1	1
2019	54	1	1	1	1
2020	54	0	1	1	1
2021	54	1	1	1	1
2022	54	1	1	1	1
2023	54	1	1	1	1
2024	54	1	1	1	1
2025	54	1	1	1	0
2026	54	1	1	1	1
2027	54	1	1	1	0
2028	54	1	1	1	0
2029	54	1	1	1	1
2030	54	1	1	1	0
2031	54	1	1	1	1
2032	54	1	1	1	1
2033	54	1	1	1	1
2034	54	0	1	1	1
2035	54	1	1	1	0
2036	54	1	1	1	1
2037	54	1	1	1	0
2038	54	1	1	1	0
2039	54	1	1	1	1
2040	54	1	1	1	0
2041	54	1	1	1	0
2042	54	1	1	1	1
2043	54	1	1	1	1
2044	54	1	1	1	1
2045	54	1	1	1	1
2046	54	1	1	1	1
2047	54	0	1	1	0
2048	54	1	1	1	1
2049	54	1	1	1	1
2050	54	0	1	1	0
2051	54	1	1	1	1
2052	54	1	1	1	0
2067	55	0	0	0	0
2068	55	1	0	0	0
2069	55	1	0	0	1
2070	55	1	0	0	0
2071	55	1	0	0	0
2072	55	0	0	0	0
2073	55	1	0	0	0
2074	55	1	0	1	1
2075	55	0	0	1	0
2076	55	1	0	1	1
2077	55	1	0	1	0
2078	55	1	0	1	1
2079	55	1	0	1	1
2080	55	1	0	1	1
2081	55	1	0	1	1
2082	55	1	0	1	1
2083	55	1	0	1	1
2084	55	1	0	1	1
2085	55	1	0	1	1
2086	55	1	0	1	1
2087	55	1	0	1	1
2088	55	1	0	1	0
2089	55	1	0	1	0
2090	55	0	0	1	1
2091	55	1	0	1	0
2092	55	1	0	1	0
2093	55	1	0	1	0
2094	55	1	0	1	1
2095	55	1	1	0	0
2096	55	1	1	0	0
2097	55	0	1	0	0
2098	55	0	1	0	0
2099	55	0	1	0	0
2100	55	0	1	0	0
2101	55	0	1	0	0
2102	55	1	1	0	1
2103	55	0	1	0	0
2104	55	1	1	0	0
2105	55	0	1	0	0
2106	55	1	1	0	1
2107	55	0	1	0	0
2108	55	1	1	0	1
2109	55	1	1	0	1
2110	55	1	1	0	0
2111	55	0	1	0	0
2112	55	0	1	0	1
2113	55	0	1	0	0
2114	55	0	1	0	0
2115	55	0	1	0	1
2116	55	0	1	0	1
2117	55	1	1	0	0
2118	55	0	1	0	0
2119	55	1	1	0	0
2120	55	0	1	0	0
2121	55	0	1	0	1
2122	55	0	1	0	1
2123	55	0	1	0	0
2124	55	0	1	0	0
2125	55	1	1	0	0
2126	55	0	1	0	0
2127	55	0	1	0	0
2128	55	0	1	0	0
2129	55	0	1	0	0
2130	55	1	1	1	1
2131	55	1	1	1	0
2132	55	1	1	1	1
2133	55	1	1	1	0
2134	55	1	1	1	1
2135	55	1	1	1	1
2136	55	1	1	1	1
2137	55	1	1	1	1
2138	55	1	1	1	0
2139	55	1	1	1	1
2140	55	0	1	1	1
2141	55	0	1	1	1
2142	55	1	1	1	1
2143	55	1	1	1	1
2144	55	1	1	1	0
2145	55	1	1	1	1
2146	55	1	1	1	1
2147	55	1	1	1	1
2148	55	0	1	1	0
2149	55	0	1	1	0
2150	55	1	1	1	1
2151	55	1	1	1	1
2152	55	0	1	1	0
2153	55	1	1	1	1
2154	55	1	1	1	1
2155	55	0	1	1	1
2156	55	1	1	1	1
2157	55	0	1	1	1
2158	55	1	1	1	1
2159	55	1	1	1	1
2160	55	1	1	1	1
2161	55	0	1	1	1
2162	55	1	1	1	1
2163	55	0	1	1	0
2164	55	1	1	1	1
2165	55	1	1	1	1
2166	55	1	1	1	0
2167	55	1	1	1	1
2168	55	1	1	1	1
2169	55	1	1	1	1
2170	55	1	1	1	1
2171	55	1	1	1	0
2172	55	1	1	1	1
2173	55	1	1	1	1
2174	55	1	1	1	1
2175	55	1	1	1	1
2176	55	1	1	1	1
2177	55	1	1	1	0
2178	55	1	1	1	1
2179	55	1	1	1	1
2180	55	1	1	1	1
2181	55	1	1	1	1
2182	55	1	1	1	1
2183	55	1	1	1	0
2184	55	1	1	1	1
2185	55	1	1	1	0
2186	55	1	1	1	1
2187	55	1	1	1	1
2188	55	1	1	1	1
2189	55	1	1	1	1
2190	55	1	1	1	1
2191	55	1	1	1	1
2192	55	1	1	1	0
2193	55	1	1	1	1
2194	55	1	1	1	1
2195	55	1	1	1	0
2196	55	1	1	1	0
2197	55	1	1	1	1
2198	55	1	1	1	1
2199	55	1	1	1	1
2200	55	1	1	1	0
2201	55	1	1	1	1
2202	55	1	1	1	1
2203	55	0	1	1	0
2204	55	1	1	1	1
2205	55	1	1	1	1
2206	55	1	1	1	1
2207	55	1	1	1	1
2208	55	0	1	1	1
2209	55	1	1	1	0
2210	55	1	1	1	1
2211	55	0	1	1	1
2212	55	1	1	1	1
2213	55	1	1	1	1
2214	55	1	1	1	1
2215	55	1	1	1	1
2216	55	0	1	1	0
2217	55	1	1	1	1
2218	55	1	1	1	1
2219	55	1	1	1	1
2220	55	1	1	1	1
2221	55	1	1	1	1
2222	55	1	1	1	1
2223	55	0	1	1	0
2224	55	1	1	1	1
2225	55	1	1	1	1
2226	55	0	1	1	0
2227	55	1	1	1	1
2228	55	0	1	1	0
2229	55	1	1	1	1
2230	55	1	1	1	1
2231	55	1	1	1	1
2232	55	1	1	1	1
2233	55	0	1	1	1
2234	55	1	1	1	1
2235	55	1	1	1	1
2236	55	1	1	1	1
2237	55	1	1	1	0
2238	55	1	1	1	1
2239	55	1	1	1	1
2240	55	0	1	1	0
2241	55	1	1	1	1
2242	55	1	1	1	1
2243	55	1	1	1	1
2244	55	1	1	1	1
2245	55	1	1	1	1
2246	55	1	1	1	1
2247	55	0	1	1	0
2248	55	1	1	1	1
2249	55	1	1	1	1
2250	55	1	1	1	1
2251	55	1	1	1	1
2252	55	0	1	1	0
2253	55	1	1	1	1
2254	55	1	1	1	0
2255	55	1	1	1	1
2256	55	1	1	1	1
2257	55	1	1	1	1
2258	55	1	1	1	0
2259	55	0	1	1	1
2260	55	1	1	1	1
2261	55	1	1	1	1
2262	55	1	1	1	1
2263	55	0	1	1	0
2264	55	0	1	1	0
2265	55	1	1	1	0
2266	55	0	1	1	0
2277	56	1	0	0	1
2278	56	1	0	0	0
2279	56	0	0	0	0
2280	56	1	0	1	1
2281	56	1	0	1	1
2282	56	1	0	1	0
2283	56	1	0	1	1
2284	56	1	0	1	1
2285	56	1	0	1	1
2286	56	1	0	1	1
2287	56	1	0	1	0
2288	56	1	0	1	1
2289	56	1	0	1	1
2290	56	1	0	1	0
2291	56	1	0	1	1
2292	56	1	0	1	1
2293	56	1	0	1	1
2294	56	1	1	0	0
2295	56	0	1	0	1
2296	56	1	1	0	1
2297	56	0	1	0	0
2298	56	0	1	0	0
2299	56	0	1	0	0
2300	56	1	1	0	0
2301	56	0	1	0	0
2302	56	0	1	0	0
2303	56	0	1	0	1
2304	56	0	1	0	0
2305	56	0	1	0	0
2306	56	1	1	0	1
2307	56	1	1	0	1
2308	56	1	1	0	0
2309	56	1	1	0	1
2310	56	1	1	0	0
2311	56	1	1	0	1
2312	56	1	1	0	1
2313	56	1	1	0	1
2314	56	0	1	0	0
2315	56	0	1	0	0
2316	56	0	1	0	1
2317	56	0	1	0	0
2318	56	0	1	0	0
2319	56	1	1	0	0
2320	56	1	1	0	0
2321	56	0	1	0	0
2322	56	0	1	0	0
2323	56	0	1	0	0
2324	56	0	1	0	0
2325	56	1	1	1	1
2326	56	1	1	1	1
2327	56	1	1	1	1
2328	56	1	1	1	0
2329	56	1	1	1	0
2330	56	1	1	1	1
2331	56	1	1	1	0
2332	56	0	1	1	1
2333	56	1	1	1	1
2334	56	1	1	1	1
2335	56	1	1	1	1
2336	56	1	1	1	1
2337	56	1	1	1	0
2338	56	0	1	1	1
2339	56	1	1	1	1
2340	56	1	1	1	1
2341	56	1	1	1	1
2342	56	1	1	1	1
2343	56	1	1	1	1
2344	56	0	1	1	0
2345	56	0	1	1	0
2346	56	0	1	1	1
2347	56	1	1	1	0
2348	56	1	1	1	0
2349	56	1	1	1	1
2350	56	1	1	1	1
2351	56	1	1	1	1
2352	56	1	1	1	1
2353	56	0	1	1	0
2354	56	1	1	1	1
2355	56	1	1	1	1
2356	56	1	1	1	1
2357	56	1	1	1	1
2358	56	1	1	1	1
2359	56	1	1	1	1
2360	56	0	1	1	0
2361	56	0	1	1	0
2362	56	1	1	1	1
2363	56	0	1	1	0
2364	56	1	1	1	1
2365	56	1	1	1	1
2366	56	1	1	1	0
2367	56	1	1	1	1
2368	56	1	1	1	0
2369	56	0	1	1	0
2370	56	0	1	1	0
2371	56	0	1	1	0
2372	56	1	1	1	1
2373	56	1	1	1	1
2374	56	0	1	1	0
2375	56	1	1	1	1
2376	56	1	1	1	1
2377	56	1	1	1	1
2378	56	1	1	1	1
2379	56	1	1	1	0
2380	56	1	1	1	0
2381	56	0	1	1	0
2382	56	1	1	1	1
2383	56	1	1	1	1
2384	56	1	1	1	1
2385	56	1	1	1	1
2386	56	1	1	1	1
2387	56	1	1	1	1
2388	56	1	1	1	1
2389	56	1	1	1	0
2390	56	0	1	1	0
2391	56	1	1	1	1
2392	56	1	1	1	1
2393	56	1	1	1	1
2394	56	1	1	1	1
2395	56	1	1	1	1
2396	56	1	1	1	1
2397	56	1	1	1	1
2398	56	1	1	1	1
2399	56	1	1	1	1
2400	56	1	1	1	1
2401	56	0	1	1	1
2402	56	1	1	1	0
2403	56	1	1	1	1
2404	56	1	1	1	1
2405	56	1	1	1	0
2406	56	0	1	1	0
2407	56	1	1	1	1
2408	56	0	1	1	1
2409	56	1	1	1	0
2410	56	1	1	1	1
2411	56	1	1	1	1
2412	56	1	1	1	1
2413	56	1	1	1	1
2414	56	1	1	1	0
2415	56	1	1	1	1
2416	56	0	1	1	1
2417	56	1	1	1	1
2418	56	1	1	1	0
2419	56	1	1	1	0
2420	56	1	1	1	1
2421	56	0	1	1	0
2422	56	1	1	1	1
2423	56	1	1	1	1
2424	56	1	1	1	0
2425	56	1	1	1	1
2426	56	0	1	1	1
2427	56	0	1	1	1
2428	56	1	1	1	1
2429	56	1	1	1	1
2430	56	1	1	1	0
2431	56	1	1	1	1
2432	56	0	1	1	1
2433	56	1	1	1	1
2434	56	1	1	1	0
2435	56	1	1	1	1
2436	56	0	1	1	1
2437	56	1	1	1	1
2438	56	1	1	1	1
2439	56	1	1	1	1
2440	56	0	1	1	0
2441	56	1	1	1	1
2442	56	1	1	1	0
2443	56	0	1	1	1
2444	56	0	1	1	1
2445	56	1	1	1	0
2446	56	1	1	1	1
2447	56	0	1	1	0
2448	56	1	1	1	1
2449	56	1	1	1	1
2450	56	1	1	1	1
2451	56	1	1	1	0
2452	56	0	1	1	1
2453	56	0	1	1	1
2454	56	1	1	1	1
2455	56	1	1	1	0
2456	56	1	1	1	1
2457	56	1	1	1	0
2458	56	1	1	1	1
2459	56	1	1	1	1
2460	56	0	1	1	0
2461	56	1	1	1	0
2462	56	1	1	1	1
2463	56	1	1	1	1
2464	56	1	1	1	0
2465	56	1	1	1	1
2466	56	0	1	1	0
2467	56	1	1	1	1
2468	56	1	1	1	1
2476	56	1	2	1	1
2478	57	1	0	0	0
2479	57	0	0	0	1
2480	57	1	0	0	1
2481	57	1	0	1	1
2482	57	0	0	1	1
2483	57	0	0	1	1
2484	57	1	0	1	1
2485	57	1	0	1	1
2486	57	1	0	1	1
2487	57	1	0	1	1
2488	57	1	0	1	0
2489	57	1	0	1	1
2490	57	1	0	1	0
2491	57	1	0	1	0
2492	57	1	0	1	1
2493	57	1	0	1	1
2494	57	1	0	1	0
2495	57	1	0	1	1
2496	57	1	0	1	0
2497	57	0	0	1	0
2498	57	1	0	1	1
2499	57	1	0	1	1
2500	57	1	0	1	0
2501	57	1	0	1	1
2502	57	1	0	1	1
2506	57	0	1	0	0
2507	57	0	1	0	1
2508	57	1	1	0	1
2509	57	1	1	0	0
2510	57	0	1	0	0
2511	57	0	1	0	0
2512	57	0	1	0	1
2513	57	0	1	0	0
2514	57	0	1	0	0
2515	57	1	1	0	1
2516	57	1	1	0	0
2517	57	0	1	0	0
2518	57	1	1	0	1
2519	57	1	1	0	0
2520	57	1	1	0	1
2521	57	1	1	0	0
2522	57	0	1	0	1
2523	57	1	1	0	1
2524	57	1	1	0	1
2525	57	1	1	0	1
2526	57	0	1	0	0
2527	57	1	1	0	1
2528	57	0	1	1	1
2529	57	0	1	1	1
2530	57	1	1	1	1
2531	57	1	1	1	1
2532	57	1	1	1	1
2533	57	1	1	1	1
2534	57	1	1	1	1
2535	57	1	1	1	1
2536	57	0	1	1	0
2537	57	1	1	1	1
2538	57	1	1	1	1
2539	57	1	1	1	1
2540	57	0	1	1	0
2541	57	1	1	1	0
2542	57	1	1	1	1
2543	57	1	1	1	0
2544	57	1	1	1	0
2545	57	1	1	1	1
2546	57	1	1	1	1
2547	57	1	1	1	1
2548	57	1	1	1	1
2549	57	1	1	1	0
2550	57	1	1	1	1
2551	57	0	1	1	1
2552	57	1	1	1	0
2553	57	1	1	1	1
2554	57	1	1	1	1
2555	57	1	1	1	1
2556	57	1	1	1	0
2557	57	1	1	1	1
2558	57	1	1	1	0
2559	57	1	1	1	1
2560	57	1	1	1	1
2561	57	1	1	1	0
2562	57	1	1	1	0
2563	57	0	1	1	0
2564	57	1	1	1	0
2565	57	1	1	1	1
2566	57	1	1	1	1
2567	57	1	1	1	1
2568	57	1	1	1	0
2569	57	1	1	1	1
2570	57	1	1	1	1
2571	57	1	1	1	0
2572	57	1	1	1	1
2573	57	1	1	1	1
2574	57	1	1	1	1
2575	57	1	1	1	1
2576	57	0	1	1	0
2577	57	0	1	1	0
2578	57	1	1	1	1
2579	57	1	1	1	0
2580	57	0	1	1	0
2581	57	1	1	1	1
2582	57	1	1	1	1
2583	57	1	1	1	1
2584	57	0	1	1	0
2585	57	1	1	1	1
2586	57	1	1	1	0
2587	57	1	1	1	1
2588	57	0	1	1	0
2589	57	1	1	1	1
2590	57	1	1	1	0
2591	57	0	1	1	0
2592	57	1	1	1	1
2593	57	1	1	1	1
2594	57	0	1	1	0
2595	57	1	1	1	1
2596	57	1	1	1	1
2597	57	1	1	1	1
2598	57	0	1	1	1
2599	57	1	1	1	1
2600	57	1	1	1	0
2601	57	1	1	1	1
2602	57	1	1	1	1
2603	57	1	1	1	1
2604	57	1	1	1	1
2605	57	1	1	1	0
2606	57	1	1	1	1
2607	57	0	1	1	1
2608	57	1	1	1	1
2609	57	1	1	1	1
2610	57	1	1	1	1
2611	57	1	1	1	0
2612	57	1	1	1	1
2613	57	0	1	1	0
2614	57	1	1	1	1
2615	57	1	1	1	0
2616	57	1	1	1	1
2617	57	1	1	1	1
2618	57	1	1	1	1
2619	57	1	1	1	0
2620	57	0	1	1	0
2621	57	1	1	1	1
2622	57	0	1	1	0
2623	57	1	1	1	0
2624	57	1	1	1	0
2625	57	1	1	1	1
2626	57	0	1	1	1
2627	57	0	1	1	0
2628	57	1	1	1	0
2629	57	1	1	1	1
2630	57	0	1	1	1
2631	57	1	1	1	0
2632	57	0	1	1	0
2633	57	1	1	1	1
2634	57	1	1	1	1
2635	57	1	1	1	1
2636	57	1	1	1	0
2637	57	1	1	1	1
2638	57	0	1	1	1
2639	57	0	1	1	1
2640	57	1	1	1	1
2641	57	1	1	1	1
2642	57	1	1	1	1
2643	57	1	1	1	1
2644	57	1	1	1	0
2645	57	1	1	1	1
2646	57	1	1	1	1
2647	57	1	1	1	1
2648	57	1	1	1	1
2649	57	1	1	1	0
2650	57	1	1	1	0
2651	57	0	1	1	0
2652	57	1	1	1	1
2653	57	1	1	1	1
2654	57	1	1	1	1
2655	57	0	1	1	0
2656	57	1	1	1	1
2657	57	1	1	1	0
2658	57	1	1	1	1
2659	57	1	1	1	1
2660	57	1	1	1	1
2661	57	1	1	1	1
2662	57	1	1	1	1
2663	57	1	1	1	0
2664	57	1	1	1	0
2665	57	1	1	1	1
2666	57	1	1	1	0
2667	57	0	1	1	0
2668	57	1	1	1	0
2669	57	1	1	1	1
2670	57	1	1	1	1
2671	57	1	1	1	1
2672	57	1	1	1	0
2673	57	0	1	1	1
2674	57	0	1	1	1
2675	57	1	1	1	1
2676	57	1	1	1	1
2677	57	0	1	1	1
2678	57	0	1	1	1
2679	57	1	1	1	1
2680	57	1	1	1	0
2681	57	0	1	1	0
2682	57	1	1	1	1
2683	57	1	1	1	1
2684	57	1	1	1	1
2685	57	1	1	1	1
2686	57	0	1	1	1
2699	58	1	0	0	1
2700	58	1	0	0	0
2701	58	0	0	0	0
2702	58	1	0	1	0
2703	58	1	0	1	1
2704	58	1	0	1	1
2705	58	1	0	1	1
2706	58	1	0	1	1
2707	58	0	0	1	0
2708	58	1	0	1	1
2709	58	1	0	1	0
2710	58	1	0	1	1
2711	58	1	0	1	1
2712	58	1	0	1	1
2713	58	1	0	1	1
2714	58	0	0	1	0
2715	58	0	0	1	0
2716	58	1	0	1	1
2717	58	1	0	1	1
2718	58	1	0	1	1
2719	58	1	0	1	0
2720	58	1	0	1	1
2721	58	1	0	1	1
2722	58	1	0	1	1
2724	58	1	1	0	1
2725	58	0	1	0	1
2726	58	1	1	0	1
2727	58	0	1	0	0
2728	58	0	1	0	0
2729	58	0	1	0	0
2730	58	1	1	0	1
2731	58	1	1	0	1
2732	58	0	1	0	0
2733	58	0	1	0	0
2734	58	0	1	0	0
2735	58	1	1	0	1
2736	58	0	1	0	0
2737	58	0	1	0	1
2738	58	1	1	0	0
2739	58	1	1	0	1
2740	58	0	1	0	0
2741	58	1	1	0	1
2742	58	1	1	0	0
2743	58	1	1	0	1
2744	58	0	1	0	0
2745	58	1	1	0	1
2746	58	1	1	0	1
2747	58	0	1	0	1
2748	58	0	1	0	0
2749	58	1	1	1	1
2750	58	1	1	1	1
2751	58	1	1	1	1
2752	58	1	1	1	1
2753	58	0	1	1	1
2754	58	1	1	1	1
2755	58	1	1	1	1
2756	58	0	1	1	0
2757	58	0	1	1	0
2758	58	1	1	1	0
2759	58	1	1	1	1
2760	58	1	1	1	1
2761	58	1	1	1	1
2762	58	1	1	1	1
2763	58	1	1	1	1
2764	58	1	1	1	1
2765	58	1	1	1	1
2766	58	1	1	1	1
2767	58	0	1	1	1
2768	58	1	1	1	1
2769	58	0	1	1	1
2770	58	1	1	1	0
2771	58	1	1	1	1
2772	58	0	1	1	1
2773	58	1	1	1	1
2774	58	1	1	1	1
2775	58	0	1	1	1
2776	58	1	1	1	0
2777	58	0	1	1	0
2778	58	0	1	1	1
2779	58	1	1	1	1
2780	58	1	1	1	1
2781	58	1	1	1	1
2782	58	0	1	1	1
2783	58	1	1	1	1
2784	58	1	1	1	1
2785	58	1	1	1	1
2786	58	1	1	1	1
2787	58	1	1	1	1
2788	58	1	1	1	1
2789	58	1	1	1	1
2790	58	0	1	1	1
2791	58	1	1	1	1
2792	58	0	1	1	1
2793	58	1	1	1	1
2794	58	0	1	1	0
2795	58	1	1	1	1
2796	58	0	1	1	0
2797	58	1	1	1	1
2798	58	1	1	1	0
2799	58	1	1	1	1
2800	58	0	1	1	0
2801	58	1	1	1	0
2802	58	0	1	1	0
2803	58	1	1	1	1
2804	58	1	1	1	1
2805	58	1	1	1	1
2806	58	1	1	1	1
2807	58	0	1	1	0
2808	58	1	1	1	1
2809	58	1	1	1	0
2810	58	0	1	1	0
2811	58	1	1	1	1
2812	58	1	1	1	0
2813	58	0	1	1	0
2814	58	1	1	1	1
2815	58	1	1	1	1
2816	58	0	1	1	1
2817	58	1	1	1	1
2818	58	1	1	1	1
2819	58	0	1	1	1
2820	58	1	1	1	0
2821	58	1	1	1	1
2822	58	1	1	1	0
2823	58	1	1	1	1
2824	58	1	1	1	1
2825	58	1	1	1	1
2826	58	1	1	1	1
2827	58	1	1	1	1
2828	58	1	1	1	1
2829	58	1	1	1	1
2830	58	0	1	1	1
2831	58	1	1	1	1
2832	58	0	1	1	1
2833	58	1	1	1	1
2834	58	0	1	1	0
2835	58	0	1	1	1
2836	58	1	1	1	1
2837	58	1	1	1	1
2838	58	0	1	1	0
2839	58	1	1	1	1
2840	58	1	1	1	1
2841	58	0	1	1	1
2842	58	1	1	1	1
2843	58	1	1	1	1
2844	58	1	1	1	1
2845	58	1	1	1	1
2846	58	1	1	1	0
2847	58	1	1	1	0
2848	58	1	1	1	1
2849	58	1	1	1	1
2850	58	1	1	1	1
2851	58	1	1	1	0
2852	58	1	1	1	1
2853	58	0	1	1	1
2854	58	0	1	1	1
2855	58	1	1	1	1
2856	58	1	1	1	0
2857	58	1	1	1	1
2858	58	1	1	1	1
2859	58	1	1	1	1
2860	58	1	1	1	1
2861	58	0	1	1	0
2862	58	1	1	1	0
2863	58	1	1	1	0
2864	58	0	1	1	0
2865	58	1	1	1	1
2866	58	1	1	1	1
2867	58	0	1	1	0
2868	58	1	1	1	1
2869	58	1	1	1	0
2870	58	1	1	1	1
2883	59	0	0	0	0
2884	59	1	0	1	1
2885	59	1	0	1	1
2886	59	1	0	1	0
2887	59	1	0	1	1
2888	59	1	0	1	1
2889	59	1	0	1	1
2890	59	1	0	1	1
2891	59	1	0	1	0
2892	59	1	0	1	0
2893	59	1	0	1	1
2894	59	1	0	1	0
2895	59	1	0	1	1
2896	59	1	0	1	0
2897	59	1	0	1	0
2898	59	1	0	1	1
2899	59	1	0	1	1
2900	59	1	0	1	1
2901	59	1	0	1	0
2902	59	1	0	1	1
2903	59	1	0	1	0
2904	59	1	0	1	1
2905	59	1	0	1	1
2907	59	1	1	0	1
2908	59	1	1	0	0
2909	59	1	1	0	1
2910	59	1	1	0	1
2911	59	1	1	0	1
2912	59	1	1	0	0
2913	59	1	1	0	1
2914	59	0	1	0	0
2915	59	0	1	0	0
2916	59	0	1	0	1
2917	59	0	1	0	1
2918	59	0	1	0	0
2919	59	0	1	1	0
2920	59	1	1	1	1
2921	59	1	1	1	0
2922	59	1	1	1	0
2923	59	1	1	1	1
2924	59	1	1	1	0
2925	59	1	1	1	1
2926	59	1	1	1	0
2927	59	1	1	1	1
2928	59	1	1	1	0
2929	59	1	1	1	1
2930	59	1	1	1	1
2931	59	1	1	1	1
2932	59	1	1	1	1
2933	59	1	1	1	1
2934	59	1	1	1	0
2935	59	1	1	1	1
2936	59	1	1	1	0
2937	59	1	1	1	1
2938	59	1	1	1	0
2939	59	1	1	1	1
2940	59	0	1	1	0
2941	59	1	1	1	1
2942	59	1	1	1	1
2943	59	1	1	1	0
2944	59	1	1	1	1
2945	59	1	1	1	1
2946	59	1	1	1	1
2947	59	1	1	1	1
2948	59	1	1	1	1
2949	59	0	1	1	1
2950	59	1	1	1	0
2951	59	0	1	1	1
2952	59	0	1	1	1
2953	59	1	1	1	1
2954	59	1	1	1	0
2955	59	1	1	1	1
2956	59	1	1	1	1
2957	59	1	1	1	1
2958	59	0	1	1	0
2959	59	1	1	1	1
2960	59	1	1	1	1
2961	59	1	1	1	1
2962	59	1	1	1	1
2963	59	1	1	1	1
2964	59	1	1	1	1
2965	59	0	1	1	1
2966	59	1	1	1	1
2967	59	0	1	1	0
2968	59	1	1	1	0
2969	59	1	1	1	1
2970	59	1	1	1	1
2971	59	0	1	1	0
2972	59	0	1	1	1
2973	59	1	1	1	1
2974	59	1	1	1	1
2975	59	1	1	1	0
2976	59	1	1	1	1
2977	59	1	1	1	1
2978	59	0	1	1	0
2979	59	1	1	1	1
2980	59	1	1	1	1
2981	59	1	1	1	1
2982	59	1	1	1	1
2983	59	1	1	1	1
2984	59	1	1	1	1
2985	59	1	1	1	1
2986	59	1	1	1	0
2987	59	0	1	1	0
2988	59	0	1	1	0
2989	59	0	1	1	0
2990	59	1	1	1	1
2991	59	1	1	1	1
2992	59	1	1	1	0
2993	59	1	1	1	1
2994	59	1	1	1	1
2995	59	0	1	1	0
2996	59	1	1	1	1
2997	59	1	1	1	1
2998	59	1	1	1	1
2999	59	0	1	1	1
3000	59	1	1	1	1
3001	59	1	1	1	1
3002	59	1	1	1	0
3003	59	1	1	1	0
3004	59	1	1	1	1
3005	59	0	1	1	0
3006	59	0	1	1	0
3007	59	0	1	1	0
3008	59	1	1	1	1
3009	59	0	1	1	1
3010	59	0	1	1	0
3011	59	1	1	1	1
3012	59	1	1	1	1
3013	59	1	1	1	1
3014	59	1	1	1	1
3015	59	0	1	1	0
3016	59	0	1	1	0
3017	59	1	1	1	1
3018	59	1	1	1	1
3019	59	1	1	1	0
3020	59	1	1	1	0
3021	59	1	1	1	0
3022	59	1	1	1	0
3023	59	0	1	1	0
3024	59	1	1	1	1
3025	59	1	1	1	1
3026	59	1	1	1	1
3027	59	1	1	1	1
3028	59	0	1	1	1
3029	59	1	1	1	1
3030	59	1	1	1	1
3031	59	1	1	1	1
3045	60	1	0	1	1
3046	60	1	0	1	1
3047	60	1	0	1	1
3048	60	1	0	1	1
3049	60	1	0	1	0
3050	60	1	0	1	1
3051	60	1	0	1	0
3053	60	0	1	0	0
3054	60	0	1	0	1
3055	60	0	1	0	0
3056	60	0	1	0	1
3057	60	0	1	0	0
3058	60	0	1	0	0
3059	60	1	1	0	0
3060	60	1	1	0	1
3061	60	0	1	0	1
3062	60	1	1	0	1
3063	60	0	1	0	1
3064	60	1	1	0	1
3065	60	1	1	0	1
3066	60	0	1	0	0
3067	60	1	1	1	1
3068	60	1	1	1	1
3069	60	1	1	1	1
3070	60	1	1	1	1
3071	60	1	1	1	1
3072	60	1	1	1	1
3073	60	1	1	1	0
3074	60	1	1	1	1
3075	60	1	1	1	1
3076	60	1	1	1	1
3077	60	1	1	1	0
3078	60	1	1	1	0
3079	60	0	1	1	1
3080	60	0	1	1	0
3081	60	0	1	1	0
3082	60	1	1	1	1
3083	60	1	1	1	1
3084	60	1	1	1	1
3085	60	1	1	1	1
3086	60	1	1	1	1
3087	60	1	1	1	1
3088	60	1	1	1	1
3089	60	1	1	1	1
3090	60	1	1	1	1
3091	60	0	1	1	0
3092	60	0	1	1	1
3093	60	1	1	1	1
3094	60	1	1	1	1
3095	60	1	1	1	1
3096	60	1	1	1	1
3097	60	1	1	1	1
3098	60	0	1	1	0
3099	60	0	1	1	1
3100	60	1	1	1	0
3101	60	1	1	1	1
3102	60	0	1	1	0
3103	60	1	1	1	1
3104	60	1	1	1	1
3105	60	1	1	1	0
3106	60	1	1	1	1
3107	60	1	1	1	1
3108	60	1	1	1	0
3109	60	0	1	1	0
3110	60	1	1	1	1
3111	60	1	1	1	1
3112	60	1	1	1	1
3113	60	1	1	1	1
3114	60	1	1	1	1
3115	60	0	1	1	1
3116	60	1	1	1	0
3117	60	1	1	1	1
3118	60	1	1	1	1
3119	60	1	1	1	1
3120	60	1	1	1	0
3121	60	1	1	1	0
3122	60	0	1	1	0
3123	60	1	1	1	1
3124	60	1	1	1	1
3125	60	1	1	1	1
3126	60	1	1	1	1
3127	60	1	1	1	0
3128	60	1	1	1	1
3129	60	1	1	1	1
3130	60	1	1	1	1
3131	60	1	1	1	1
3132	60	1	1	1	1
3133	60	1	1	1	1
3134	60	1	1	1	1
3135	60	1	1	1	1
3136	60	1	1	1	0
3137	60	1	1	1	0
3138	60	1	1	1	1
3139	60	1	1	1	1
3140	60	1	1	1	1
3141	60	1	1	1	1
3142	60	0	1	1	0
3143	60	1	1	1	1
3144	60	0	1	1	0
3145	60	0	1	1	1
3146	60	1	1	1	0
3147	60	1	1	1	1
3148	60	0	1	1	0
3149	60	0	1	1	0
3150	60	0	1	1	0
3151	60	0	1	1	1
3152	60	0	1	1	1
3153	60	1	1	1	1
3154	60	1	1	1	1
3155	60	1	1	1	1
3156	60	0	1	1	1
3157	60	0	1	1	1
3158	60	1	1	1	1
3159	60	1	1	1	0
3160	60	0	1	1	0
3161	60	1	1	1	1
3162	60	1	1	1	1
3163	60	1	1	1	1
3164	60	0	1	1	0
3165	60	1	1	1	0
3166	60	1	1	1	0
3167	60	1	1	1	1
3168	60	1	1	1	1
3169	60	1	1	1	1
3185	61	1	0	1	1
3186	61	1	0	1	1
3187	61	1	0	1	0
3188	61	1	0	1	1
3189	61	1	0	1	1
3190	61	1	0	1	1
3191	61	0	0	1	0
3193	61	1	1	0	1
3194	61	0	1	0	0
3195	61	1	1	0	1
3196	61	1	1	0	0
3197	61	0	1	0	0
3198	61	0	1	0	1
3199	61	1	1	1	1
3200	61	1	1	1	1
3201	61	1	1	1	1
3202	61	1	1	1	1
3203	61	1	1	1	1
3204	61	0	1	1	0
3205	61	0	1	1	0
3206	61	1	1	1	1
3207	61	1	1	1	1
3208	61	1	1	1	1
3209	61	0	1	1	1
3210	61	1	1	1	1
3211	61	1	1	1	1
3212	61	1	1	1	1
3213	61	1	1	1	1
3214	61	1	1	1	1
3215	61	0	1	1	0
3216	61	0	1	1	0
3217	61	1	1	1	1
3218	61	1	1	1	0
3219	61	1	1	1	1
3220	61	0	1	1	0
3221	61	1	1	1	0
3222	61	1	1	1	0
3223	61	1	1	1	1
3224	61	0	1	1	1
3225	61	0	1	1	0
3226	61	1	1	1	1
3227	61	1	1	1	1
3228	61	1	1	1	1
3229	61	1	1	1	1
3230	61	1	1	1	1
3231	61	0	1	1	0
3232	61	1	1	1	0
3233	61	1	1	1	1
3234	61	1	1	1	0
3235	61	1	1	1	1
3236	61	1	1	1	1
3237	61	0	1	1	0
3238	61	1	1	1	1
3239	61	0	1	1	1
3240	61	0	1	1	1
3241	61	1	1	1	1
3242	61	0	1	1	1
3243	61	1	1	1	0
3244	61	1	1	1	1
3245	61	1	1	1	1
3246	61	1	1	1	1
3247	61	1	1	1	0
3248	61	1	1	1	1
3249	61	1	1	1	1
3250	61	1	1	1	0
3251	61	0	1	1	0
3252	61	1	1	1	0
3253	61	0	1	1	1
3254	61	1	1	1	1
3255	61	1	1	1	0
3256	61	1	1	1	1
3257	61	1	1	1	1
3258	61	1	1	1	0
3259	61	1	1	1	1
3260	61	0	1	1	0
3261	61	1	1	1	1
3262	61	1	1	1	1
3263	61	1	1	1	1
3264	61	1	1	1	1
3265	61	1	1	1	0
3266	61	1	1	1	1
3267	61	1	1	1	1
3268	61	0	1	1	1
3269	61	1	1	1	1
3270	61	1	1	1	1
3271	61	0	1	1	0
3272	61	1	1	1	0
3273	61	1	1	1	1
3274	61	0	1	1	1
3275	61	1	1	1	1
3276	61	1	1	1	1
3277	61	1	1	1	1
3278	61	1	1	1	1
3279	61	0	1	1	0
3280	61	1	1	1	1
3281	61	1	1	1	1
3282	61	1	1	1	1
3283	61	0	1	1	0
3284	61	0	1	1	0
3285	61	1	1	1	1
3286	61	1	1	1	1
3300	62	1	0	1	1
3301	62	1	0	1	0
3302	62	1	0	1	1
3303	62	1	0	1	1
3304	62	1	0	1	1
3305	62	1	0	1	0
3308	62	0	1	0	0
3309	62	0	1	0	0
3310	62	0	1	0	1
3311	62	0	1	0	0
3312	62	1	1	0	0
3313	62	1	1	0	1
3314	62	0	1	0	1
3315	62	0	1	0	0
3316	62	1	1	0	1
3317	62	0	1	0	0
3318	62	1	1	1	1
3319	62	0	1	1	1
3320	62	1	1	1	0
3321	62	0	1	1	0
3322	62	0	1	1	0
3323	62	0	1	1	0
3324	62	1	1	1	1
3325	62	1	1	1	1
3326	62	1	1	1	1
3327	62	1	1	1	1
3328	62	0	1	1	1
3329	62	0	1	1	0
3330	62	1	1	1	1
3331	62	0	1	1	1
3332	62	1	1	1	0
3333	62	0	1	1	1
3334	62	0	1	1	0
3335	62	0	1	1	1
3336	62	1	1	1	1
3337	62	1	1	1	1
3338	62	1	1	1	0
3339	62	1	1	1	1
3340	62	1	1	1	1
3341	62	1	1	1	0
3342	62	1	1	1	1
3343	62	0	1	1	1
3344	62	1	1	1	1
3345	62	1	1	1	1
3346	62	1	1	1	1
3347	62	1	1	1	1
3348	62	1	1	1	0
3349	62	0	1	1	1
3350	62	1	1	1	1
3351	62	1	1	1	1
3352	62	0	1	1	0
3353	62	0	1	1	0
3354	62	1	1	1	1
3355	62	0	1	1	0
3356	62	1	1	1	0
3357	62	1	1	1	1
3358	62	1	1	1	1
3359	62	0	1	1	1
3360	62	1	1	1	0
3361	62	1	1	1	1
3362	62	1	1	1	0
3363	62	1	1	1	1
3364	62	1	1	1	0
3365	62	1	1	1	0
3366	62	1	1	1	1
3367	62	1	1	1	0
3368	62	1	1	1	1
3369	62	1	1	1	1
3370	62	1	1	1	1
3371	62	1	1	1	1
3372	62	0	1	1	1
3373	62	0	1	1	1
3374	62	1	1	1	1
3375	62	1	1	1	1
3376	62	0	1	1	1
3377	62	0	1	1	0
3378	62	1	1	1	1
3379	62	0	1	1	0
3380	62	0	1	1	1
3381	62	1	1	1	0
3382	62	1	1	1	1
3383	62	0	1	1	1
3384	62	0	1	1	1
3385	62	0	1	1	1
3386	62	1	1	1	1
3387	62	1	1	1	0
3388	62	1	1	1	0
3389	62	1	1	1	1
3390	62	1	1	1	1
3391	62	0	1	1	0
3392	62	1	1	1	1
3393	62	1	1	1	0
3394	62	1	1	1	0
3395	62	1	1	1	0
3409	63	1	0	1	0
3410	63	1	0	1	1
3411	63	1	0	1	1
3412	63	1	0	1	1
3413	63	1	0	1	1
3414	63	0	0	1	1
3415	63	1	0	1	1
3416	63	0	0	1	1
3417	63	1	0	1	1
3419	63	0	1	0	0
3420	63	0	1	0	1
3421	63	1	1	0	1
3422	63	1	1	1	1
3423	63	0	1	1	1
3424	63	0	1	1	0
3425	63	1	1	1	1
3426	63	1	1	1	1
3427	63	1	1	1	1
3428	63	1	1	1	1
3429	63	1	1	1	1
3430	63	1	1	1	1
3431	63	1	1	1	1
3432	63	1	1	1	1
3433	63	0	1	1	0
3434	63	0	1	1	1
3435	63	0	1	1	0
3436	63	1	1	1	1
3437	63	1	1	1	1
3438	63	1	1	1	1
3439	63	0	1	1	1
3440	63	1	1	1	1
3441	63	1	1	1	1
3442	63	1	1	1	0
3443	63	1	1	1	1
3444	63	1	1	1	1
3445	63	1	1	1	1
3446	63	1	1	1	1
3447	63	0	1	1	0
3448	63	1	1	1	1
3449	63	0	1	1	0
3450	63	1	1	1	1
3451	63	1	1	1	0
3452	63	1	1	1	0
3453	63	0	1	1	0
3454	63	0	1	1	0
3455	63	1	1	1	1
3456	63	0	1	1	1
3457	63	0	1	1	0
3458	63	1	1	1	1
3459	63	0	1	1	0
3460	63	0	1	1	1
3461	63	1	1	1	1
3462	63	1	1	1	1
3463	63	0	1	1	1
3464	63	1	1	1	1
3465	63	1	1	1	1
3466	63	0	1	1	1
3467	63	1	1	1	1
3468	63	1	1	1	1
3469	63	1	1	1	1
3470	63	1	1	1	1
3471	63	0	1	1	1
3472	63	0	1	1	1
3473	63	1	1	1	1
3474	63	1	1	1	1
3475	63	1	1	1	0
3476	63	1	1	1	1
3477	63	0	1	1	1
3478	63	1	1	1	1
3479	63	1	1	1	1
3485	64	1	0	1	1
3486	64	1	0	1	1
3487	64	1	0	1	1
3488	64	1	1	0	1
3489	64	1	1	0	1
3490	64	0	1	0	1
3491	64	0	1	0	0
3492	64	1	1	1	1
3493	64	1	1	1	1
3494	64	1	1	1	1
3495	64	1	1	1	1
3496	64	1	1	1	1
3497	64	1	1	1	1
3498	64	1	1	1	1
3499	64	1	1	1	1
3500	64	0	1	1	0
3501	64	0	1	1	1
3502	64	1	1	1	1
3503	64	1	1	1	1
3504	64	0	1	1	1
3505	64	1	1	1	1
3506	64	0	1	1	1
3507	64	1	1	1	1
3508	64	1	1	1	1
3509	64	0	1	1	0
3510	64	0	1	1	1
3511	64	1	1	1	1
3512	64	1	1	1	1
3513	64	1	1	1	0
3514	64	1	1	1	1
3515	64	1	1	1	1
3516	64	1	1	1	0
3517	64	1	1	1	1
3518	64	1	1	1	1
3519	64	0	1	1	1
3520	64	1	1	1	1
3521	64	1	1	1	1
3522	64	1	1	1	0
3523	64	1	1	1	0
3524	64	0	1	1	0
3525	64	1	1	1	1
3526	64	1	1	1	0
3527	64	1	1	1	1
3528	64	0	1	1	0
3529	64	0	1	1	0
3530	64	0	1	1	1
3531	64	1	1	1	1
3532	64	1	1	1	1
3533	64	1	1	1	1
3534	64	1	1	1	1
3535	64	1	1	1	1
3536	64	0	1	1	0
3537	64	1	1	1	1
3538	64	1	1	1	1
3539	64	1	1	1	1
3540	64	1	1	1	0
3548	65	0	0	1	0
3549	65	1	0	1	1
3550	65	1	0	1	1
3551	65	1	0	1	0
3552	65	1	0	1	1
3553	65	1	1	0	1
3554	65	0	1	0	0
3555	65	1	1	0	0
3556	65	0	1	1	0
3557	65	1	1	1	1
3558	65	1	1	1	1
3559	65	0	1	1	1
3560	65	1	1	1	0
3561	65	0	1	1	1
3562	65	1	1	1	1
3563	65	0	1	1	0
3564	65	1	1	1	0
3565	65	0	1	1	0
3566	65	0	1	1	0
3567	65	0	1	1	1
3568	65	1	1	1	1
3569	65	1	1	1	1
3570	65	0	1	1	0
3571	65	0	1	1	1
3572	65	1	1	1	1
3573	65	0	1	1	0
3574	65	0	1	1	1
3575	65	0	1	1	0
3576	65	1	1	1	0
3577	65	1	1	1	1
3578	65	1	1	1	1
3579	65	0	1	1	1
3580	65	1	1	1	1
3581	65	1	1	1	1
3582	65	1	1	1	1
3583	65	1	1	1	1
3584	65	1	1	1	1
3585	65	1	1	1	1
3586	65	1	1	1	1
3587	65	1	1	1	1
3588	65	0	1	1	0
3589	65	0	1	1	0
3590	65	1	1	1	1
3591	65	1	1	1	1
3592	65	1	1	1	1
3593	65	0	1	1	1
3594	65	1	1	1	1
3595	65	0	1	1	0
3596	65	0	1	1	1
3597	65	0	1	1	0
3598	65	1	1	1	1
3599	65	0	1	1	0
3600	65	0	1	1	0
3601	65	0	1	1	1
3602	65	1	1	1	0
3603	65	1	1	1	1
3604	65	0	1	1	0
3605	65	0	1	1	0
3606	65	1	1	1	1
3607	65	1	1	1	1
3608	65	1	1	1	1
3609	65	1	1	1	1
3610	65	0	1	1	1
3611	65	0	1	1	0
3612	65	1	1	1	0
3616	66	1	0	0	0
3617	66	1	0	1	0
3618	66	1	0	1	0
3619	66	1	0	1	0
3620	66	1	1	0	1
3621	66	0	1	0	0
3622	66	1	1	1	1
3623	66	0	1	1	0
3624	66	1	1	1	0
3625	66	1	1	1	1
3626	66	1	1	1	0
3627	66	1	1	1	0
3628	66	1	1	1	1
3629	66	0	1	1	0
3630	66	0	1	1	0
3631	66	1	1	1	0
3632	66	1	1	1	0
3633	66	1	1	1	1
3634	66	0	1	1	1
3635	66	0	1	1	0
3636	66	1	1	1	1
3637	66	0	1	1	0
3638	66	1	1	1	1
3639	66	1	1	1	1
3640	66	1	1	1	1
3641	66	0	1	1	0
3642	66	1	1	1	1
3643	66	1	1	1	1
3644	66	1	1	1	0
3645	66	1	1	1	1
3646	66	1	1	1	1
3647	66	0	1	1	1
3648	66	1	1	1	0
3649	66	0	1	1	0
3650	66	1	1	1	0
3651	66	0	1	1	0
3652	66	1	1	1	1
3653	66	1	1	1	1
3654	66	1	1	1	1
3655	66	0	1	1	0
3656	66	0	1	1	0
3657	66	1	1	1	1
3658	66	1	1	1	1
3659	66	0	1	1	0
3660	66	1	1	1	1
3661	66	1	1	1	0
3662	66	1	1	1	1
3663	66	1	1	1	1
3664	66	0	1	1	1
3665	66	1	1	1	1
3666	66	0	1	1	0
3667	66	0	1	1	1
3668	66	0	1	1	0
3669	66	1	1	1	1
3670	66	1	1	1	0
3671	66	1	1	1	1
3672	66	1	1	1	1
3673	66	1	1	1	1
3674	66	0	1	1	0
3675	66	0	1	1	0
3676	66	0	1	1	1
3677	66	1	1	1	1
3678	66	1	1	1	1
3679	66	1	1	1	1
3680	66	1	1	1	0
3681	66	0	1	1	0
3682	66	1	1	1	1
3683	66	1	1	1	1
3684	66	1	1	1	1
3685	66	1	1	1	1
3686	66	1	1	1	1
3687	66	0	1	1	0
3688	66	1	1	1	1
3689	66	1	1	1	1
3690	66	0	1	1	1
3695	67	1	0	1	1
3696	67	1	0	1	1
3697	67	1	0	1	1
3698	67	1	0	1	1
3699	67	0	1	0	0
3700	67	1	1	1	1
3701	67	1	1	1	1
3702	67	0	1	1	1
3703	67	1	1	1	1
3704	67	1	1	1	1
3705	67	1	1	1	1
3706	67	1	1	1	1
3707	67	1	1	1	1
3708	67	0	1	1	0
3709	67	1	1	1	1
3710	67	0	1	1	0
3711	67	1	1	1	1
3712	67	1	1	1	1
3713	67	1	1	1	1
3714	67	1	1	1	1
3715	67	1	1	1	0
3716	67	1	1	1	1
3717	67	1	1	1	1
3718	67	0	1	1	1
3719	67	0	1	1	1
3720	67	1	1	1	1
3721	67	1	1	1	1
3722	67	1	1	1	0
3723	67	1	1	1	1
3724	67	1	1	1	0
3725	67	1	1	1	1
3726	67	1	1	1	1
3727	67	0	1	1	0
3728	67	1	1	1	0
3729	67	0	1	1	1
3730	67	0	1	1	0
3731	67	1	1	1	1
3732	67	1	1	1	1
3733	67	1	1	1	1
3734	67	1	1	1	1
3735	67	1	1	1	1
3736	67	1	1	1	1
3737	67	1	1	1	1
3738	67	0	1	1	1
3739	67	1	1	1	0
3740	67	1	1	1	1
3741	67	1	1	1	1
3742	67	0	1	1	1
3743	67	0	1	1	0
3744	67	1	1	1	1
3745	67	0	1	1	0
3746	67	1	1	1	1
3747	67	0	1	1	0
3748	67	0	1	1	1
3749	67	1	1	1	0
3750	67	1	1	1	1
3751	67	1	1	1	1
3752	67	1	1	1	1
3753	67	0	1	1	0
3754	67	0	1	1	1
3755	67	1	1	1	0
3756	67	1	1	1	1
3757	67	0	1	1	1
3758	67	0	1	1	0
3759	67	1	1	1	1
3760	67	0	1	1	0
3765	68	1	0	1	1
3766	68	0	0	1	1
3767	68	1	0	1	1
3768	68	1	0	1	1
3769	68	1	0	1	1
3771	68	0	1	0	1
3772	68	1	1	1	1
3773	68	0	1	1	0
3774	68	0	1	1	1
3775	68	1	1	1	1
3776	68	1	1	1	0
3777	68	1	1	1	1
3778	68	1	1	1	1
3779	68	1	1	1	1
3780	68	1	1	1	1
3781	68	0	1	1	0
3782	68	1	1	1	1
3783	68	0	1	1	0
3784	68	0	1	1	1
3785	68	1	1	1	0
3786	68	0	1	1	0
3787	68	1	1	1	1
3788	68	1	1	1	1
3789	68	1	1	1	1
3790	68	1	1	1	1
3791	68	1	1	1	0
3792	68	1	1	1	1
3793	68	1	1	1	1
3794	68	1	1	1	0
3795	68	1	1	1	1
3796	68	1	1	1	1
3797	68	1	1	1	1
3798	68	1	1	1	1
3799	68	1	1	1	1
3800	68	0	1	1	1
3801	68	0	1	1	1
3802	68	0	1	1	1
3803	68	0	1	1	1
3804	68	0	1	1	0
3805	68	1	1	1	0
3806	68	1	1	1	1
3807	68	1	1	1	1
3808	68	1	1	1	0
3809	68	0	1	1	1
3810	68	0	1	1	1
3811	68	1	1	1	0
3812	68	1	1	1	0
3813	68	1	1	1	0
3814	68	1	1	1	0
3815	68	1	1	1	1
3816	68	1	1	1	0
3817	68	0	1	1	1
3818	68	0	1	1	0
3819	68	1	1	1	1
3820	68	1	1	1	1
3821	68	1	1	1	1
3822	68	1	1	1	1
3823	68	1	1	1	0
3824	68	0	1	1	1
3825	68	1	1	1	1
3833	69	1	0	1	1
3834	69	1	0	1	1
3835	69	0	0	1	1
3836	69	0	0	1	1
3837	69	1	0	1	1
3838	69	0	1	1	1
3839	69	0	1	1	1
3840	69	1	1	1	1
3841	69	0	1	1	1
3842	69	1	1	1	1
3843	69	1	1	1	0
3844	69	1	1	1	1
3845	69	0	1	1	1
3846	69	1	1	1	1
3847	69	0	1	1	0
3848	69	0	1	1	1
3849	69	0	1	1	1
3850	69	1	1	1	0
3851	69	0	1	1	0
3852	69	1	1	1	1
3853	69	1	1	1	0
3854	69	1	1	1	1
3855	69	0	1	1	0
3856	69	0	1	1	0
3857	69	1	1	1	0
3858	69	0	1	1	1
3859	69	1	1	1	0
3860	69	0	1	1	1
3861	69	0	1	1	0
3862	69	1	1	1	0
3863	69	1	1	1	1
3864	69	1	1	1	1
3865	69	0	1	1	1
3866	69	1	1	1	0
3867	69	1	1	1	1
3868	69	1	1	1	1
3869	69	1	1	1	1
3870	69	1	1	1	1
3871	69	0	1	1	1
3872	69	1	1	1	1
3873	69	0	1	1	1
3874	69	1	1	1	1
3875	69	1	1	1	1
3876	69	0	1	1	1
3877	69	1	1	1	1
3878	69	0	1	1	0
3879	69	0	1	1	1
3880	69	1	1	1	1
3881	69	1	1	1	1
3882	69	0	1	1	0
3883	69	0	1	1	1
3884	69	1	1	1	1
3885	69	0	1	1	0
3886	69	1	1	1	0
3887	69	0	1	1	1
3888	69	1	1	1	0
3889	69	0	1	1	1
3890	69	0	1	1	1
3891	69	0	1	1	0
3892	69	1	1	1	1
3893	69	1	1	1	1
3894	69	1	1	1	1
3895	69	0	1	1	1
3896	69	0	1	1	1
3897	69	0	1	1	0
3898	69	1	1	1	0
3899	69	1	1	1	1
3900	69	0	1	1	0
3906	70	1	0	1	1
3907	70	1	1	0	1
3908	70	0	1	1	0
3909	70	0	1	1	0
3910	70	0	1	1	0
3911	70	1	1	1	1
3912	70	0	1	1	1
3913	70	0	1	1	0
3914	70	0	1	1	0
3915	70	1	1	1	1
3916	70	1	1	1	1
3917	70	0	1	1	1
3918	70	1	1	1	1
3919	70	1	1	1	1
3920	70	0	1	1	1
3921	70	0	1	1	1
3922	70	1	1	1	1
3923	70	1	1	1	0
3924	70	1	1	1	0
3925	70	1	1	1	1
3926	70	1	1	1	1
3927	70	1	1	1	1
3928	70	0	1	1	1
3929	70	1	1	1	1
3930	70	0	1	1	0
3931	70	1	1	1	1
3932	70	0	1	1	0
3933	70	1	1	1	1
3934	70	0	1	1	0
3935	70	1	1	1	1
3936	70	1	1	1	0
3937	70	1	1	1	1
3938	70	1	1	1	1
3939	70	0	1	1	1
3940	70	0	1	1	0
3941	70	1	1	1	0
3942	70	1	1	1	0
3943	70	1	1	1	1
3944	70	1	1	1	1
3945	70	1	1	1	1
3946	70	0	1	1	0
3947	70	1	1	1	1
3948	70	1	1	1	1
3949	70	0	1	1	1
3950	70	1	1	1	1
3951	70	1	1	1	1
3952	70	0	1	1	0
3958	71	1	1	1	1
3959	71	1	1	1	1
3960	71	1	1	1	1
3961	71	0	1	1	1
3962	71	0	1	1	0
3963	71	1	1	1	1
3964	71	0	1	1	1
3965	71	1	1	1	0
3966	71	0	1	1	1
3967	71	1	1	1	1
3968	71	1	1	1	1
3969	71	1	1	1	1
3970	71	0	1	1	0
3971	71	1	1	1	1
3972	71	0	1	1	1
3973	71	1	1	1	1
3974	71	1	1	1	1
3975	71	1	1	1	0
3976	71	1	1	1	1
3977	71	1	1	1	1
3978	71	0	1	1	0
3979	71	0	1	1	1
3980	71	0	1	1	1
3981	71	1	1	1	1
3982	71	1	1	1	1
3983	71	1	1	1	1
3984	71	0	1	1	1
3985	71	0	1	1	1
3988	72	0	1	1	1
3989	72	1	1	1	1
3990	72	1	1	1	1
3991	72	1	1	1	1
3992	72	0	1	1	1
3993	72	0	1	1	1
3994	72	1	1	1	0
3995	72	1	1	1	0
3996	72	0	1	1	1
3997	72	1	1	1	0
3998	72	1	1	1	1
3999	72	1	1	1	1
4000	72	0	1	1	1
4001	72	0	1	1	1
4002	72	1	1	1	0
4003	72	1	1	1	0
4004	72	1	1	1	1
4005	72	0	1	1	1
4006	72	0	1	1	1
4007	72	1	1	1	1
4008	72	0	1	1	1
4009	72	1	1	1	1
4010	72	1	1	1	1
4011	72	1	1	1	0
4012	72	0	1	1	0
4013	72	1	1	1	1
4014	72	1	1	1	0
4015	72	0	1	1	0
4016	72	0	1	1	1
4024	73	1	1	1	1
4025	73	1	1	1	0
4026	73	0	1	1	1
4027	73	1	1	1	1
4028	73	0	1	1	1
4029	73	0	1	1	1
4030	73	0	1	1	1
4031	73	1	1	1	0
4032	73	1	1	1	1
4033	73	1	1	1	1
4034	73	1	1	1	1
4035	73	0	1	1	0
4036	73	1	1	1	1
4037	73	1	1	1	1
4038	73	0	1	1	1
4039	73	0	1	1	1
4040	73	0	1	1	1
4041	73	0	1	1	1
4042	74	1	0	1	1
4043	74	0	1	1	0
4044	74	0	1	1	0
4045	74	0	1	1	0
4046	74	1	1	1	1
4047	74	0	1	1	0
4048	74	1	1	1	1
4049	74	1	1	1	1
4052	75	1	0	1	1
4053	75	1	1	1	1
4054	75	1	1	1	1
4055	75	1	1	1	1
4056	75	1	1	1	1
4057	75	1	1	1	1
4058	75	1	1	1	1
4060	76	1	1	1	1
4061	76	0	1	1	1
4062	76	1	1	1	1
4064	77	0	1	1	1
4065	77	1	1	1	1
4066	77	0	1	1	1
4067	77	0	1	1	1
4068	77	0	1	1	0
4069	77	1	1	1	1
4070	78	1	0	1	1
4071	78	1	1	1	0
4072	78	1	1	1	0
4073	78	1	1	1	1
4074	78	1	1	1	1
4075	78	0	1	1	0
4076	78	0	1	1	1
4077	78	1	1	1	1
4078	78	1	1	1	1
4079	79	1	0	1	0
4080	79	1	1	1	1
4081	79	0	1	1	1
4082	79	1	1	1	1
4084	81	0	1	1	1
4085	86	1	1	1	1
